%points
220 152.5
223.5 225
268 142.5
169.5 232
171.5 178
224.5 106
165.5 88
253.5 182
236.5 197
196.5 208
198.5 223
160 123.5
142.5 222
212.5 187
234.5 204
227.5 162
142 175.5
160 225.5
164 104.5
275 144.5
253 194.5
239.5 162
218 150.5
159.5 225
213.5 233
222.5 225
150 151.5
172 168.5
244 164.5
215.5 225
225.5 233
233.5 50
236.5 204
257 93.5
136.5 223
206.5 226
204.5 133
260 151.5
205.5 233
241.5 108
203.5 233
215 148.5
231.5 50
214.5 138
147.5 175
263 81.5
245.5 165
211 123.5
238.5 162
249.5 54
164.5 211
166 213.5
207 221.5
161 44.5
206 156.5
154.5 222
227 150.5
260 152.5
173.5 220
167 90.5
251 101.5
215 117.5
164 202.5
164.5 87
153.5 222
154.5 232
175.5 233
144.5 163
207.5 233
230 164.5
212 214.5
267.5 143
179 228.5
210 177.5
165 102.5
142 170.5
209 125.5
145.5 161
168.5 216
143 165.5
158 168.5
249 104.5
155 137.5
259 89.5
264 157.5
211 180.5
233 223.5
207.5 127
155.5 222
252.5 195
170 226.5
207.5 226
212 144.5
250.5 102
147 158.5
257 166.5
252 57.5
191.5 45
162.5 43
142 168.5
206.5 133
212 184.5
199 221.5
170.5 233
209.5 218
215.5 233
172 224.5
233 165.5
153 61.5
177.5 233
206 158.5
162 114.5
144 163.5
232.5 204
161 119.5
242.5 155
164 210.5
167 96.5
168 186.5
247 52.5
174.5 233
141.5 175
210 178.5
251 162.5
261 181.5
263.5 146
183.5 209
153 57.5
240.5 225
178 232.5
213.5 58
242.5 202
216.5 56
174 222.5
210.5 226
274.5 139
232.5 154
209 63.5
222.5 202
247.5 53
236.5 50
195.5 231
214 119.5
202 67.5
207.5 144
221 112.5
154.5 171
148.5 222
154 56.5
246 156.5
246 199.5
261.5 72
236.5 154
252.5 58
255 181.5
134.5 232
153 66.5
155 80.5
230 153.5
200 217.5
167 93.5
212 122.5
177 215.5
246.5 52
164 164.5
278 142.5
263 172.5
184.5 43
250 186.5
216.5 225
185.5 209
187.5 44
165 199.5
162 113.5
269.5 142
172 218.5
252.5 99
248 105.5
158.5 127
208.5 144
222 156.5
234.5 164
237.5 197
179.5 230
267 148.5
164 103.5
209.5 135
220.5 225
271 146.5
190.5 209
156.5 134
259 68.5
206 145.5
207 165.5
150.5 222
213.5 120
197.5 225
218.5 225
252.5 183
204.5 73
222 109.5
156 222.5
235.5 108
238.5 234
222 108.5
147.5 157
274 139.5
278.5 139
218.5 141
147.5 222
166.5 232
257.5 93
263 77.5
224 158.5
204 132.5
160.5 167
235 163.5
257 168.5
134 230.5
222.5 146
156 50.5
204.5 132
238.5 204
221 154.5
157 81.5
255.5 193
154 78.5
152.5 147
262 147.5
217.5 193
223.5 202
170.5 218
227.5 225
253.5 98
206 152.5
226.5 150
171 225.5
149.5 152
147 157.5
153 70.5
162 111.5
238.5 197
255 62.5
244 155.5
157.5 49
237.5 50
253 59.5
244.5 156
141.5 171
264 156.5
247 106.5
165 198.5
157.5 131
145.5 232
255.5 95
207 69.5
228.5 233
211 135.5
153 67.5
247.5 198
247.5 157
245.5 52
226 160.5
240 162.5
200 214.5
155.5 52
223.5 158
217.5 202
169.5 227
160.5 232
234.5 234
225 149.5
240.5 234
166 97.5
244 51.5
214 209.5
256.5 65
165 99.5
231.5 197
242 227.5
177 225.5
177.5 42
208 219.5
210 176.5
179.5 231
259.5 89
158.5 168
212.5 233
164 204.5
200 212.5
178 214.5
251.5 56
240.5 155
212.5 136
195.5 47
246.5 157
215 191.5
256 179.5
213 210.5
165.5 232
172.5 42
215.5 193
247 198.5
178 213.5
158.5 232
236.5 108
249 53.5
153.5 143
214 208.5
241 226.5
161.5 232
170.5 42
222 110.5
172 169.5
218 55.5
264 159.5
207 133.5
262.5 178
184 42.5
261 71.5
162.5 86
256 177.5
222.5 53
163.5 108
250.5 196
206 146.5
277.5 138
206.5 129
263 176.5
167 95.5
202 65.5
229.5 153
234.5 223
229.5 50
179.5 42
220 113.5
270.5 141
178.5 213
168 215.5
205 223.5
226.5 50
239.5 155
246.5 191
245.5 200
197 226.5
135.5 233
274.5 145
158 127.5
162 110.5
264 154.5
256.5 94
162.5 166
243.5 164
214 206.5
228.5 152
206 154.5
227.5 195
214.5 233
216.5 233
252 99.5
165 212.5
211.5 136
240 203.5
204.5 233
233.5 108
220 114.5
232.5 197
228.5 225
169 162.5
257 169.5
190.5 45
202 57.5
239.5 50
234.5 108
263 78.5
257 190.5
208.5 219
260 183.5
134 231.5
162.5 110
144 164.5
218.5 193
227 194.5
189.5 45
167.5 161
262 73.5
214.5 206
203.5 73
153 73.5
241.5 163
223 147.5
239.5 224
181.5 209
153 65.5
171 178.5
263 170.5
218.5 233
209.5 125
230 163.5
224 193.5
215.5 202
211 215.5
216.5 149
206 150.5
141.5 222
255.5 181
214 57.5
260 88.5
185.5 43
174.5 42
163 109.5
261 150.5
231.5 154
213 188.5
215.5 117
166.5 97
136 223.5
184.5 209
257 65.5
207 128.5
144.5 176
239.5 234
156.5 81
276.5 138
160.5 120
233.5 154
209 173.5
258.5 91
166 191.5
210 124.5
210 174.5
213 211.5
209.5 233
228 203.5
171.5 218
211.5 123
210 217.5
159.5 168
197 225.5
205 72.5
160 226.5
173.5 223
217 116.5
180.5 42
259 186.5
214.5 191
200 51.5
250.5 163
205 224.5
170.5 226
208 65.5
220.5 113
211.5 144
169.5 163
214.5 148
159.5 125
152 147.5
265 150.5
177.5 228
154 77.5
242.5 51
196.5 232
217.5 150
236.5 234
154.5 140
162 166.5
248 189.5
212 213.5
224 51.5
179 212.5
216.5 202
225.5 51
167 214.5
172 177.5
153 59.5
233 107.5
269 147.5
244 194.5
263 162.5
207 161.5
219.5 202
237 154.5
242.5 196
207.5 220
187 43.5
258 66.5
228.5 106
163.5 43
221 111.5
163 165.5
226.5 194
258 91.5
240.5 203
152.5 172
237.5 204
211 216.5
222 106.5
243.5 201
226.5 203
200 215.5
207 220.5
255.5 64
212.5 226
166 196.5
196 227.5
247.5 106
243.5 108
207 159.5
242 232.5
211.5 226
202 66.5
249 164.5
153.5 77
210.5 179
263 146.5
256 192.5
165.5 213
208 167.5
146.5 232
262.5 147
208.5 233
219.5 233
143.5 165
198 223.5
260 154.5
229 195.5
205 225.5
161 116.5
161 117.5
161.5 44
158 130.5
276.5 144
143.5 176
246.5 107
203 72.5
240 224.5
253.5 60
157.5 232
206.5 233
257 174.5
164 107.5
171 164.5
200 218.5
237.5 108
264 151.5
164 106.5
221.5 233
172 175.5
157 169.5
250 160.5
258 161.5
143 166.5
260.5 86
169.5 217
223.5 106
226.5 233
197.5 233
159.5 47
259 185.5
207 164.5
196 228.5
148.5 154
213.5 147
146 175.5
212.5 121
168 185.5
210 62.5
199 49.5
230.5 50
196.5 47
156 135.5
207 160.5
164 42.5
153.5 57
166.5 162
258 164.5
211 182.5
193.5 46
202 61.5
262 179.5
243 201.5
198 48.5
224.5 202
197.5 208
213 189.5
202 58.5
255 63.5
221.5 155
166 192.5
210.5 124
205.5 130
245 193.5
202 70.5
221.5 202
221.5 225
166.5 191
217 139.5
250 103.5
151 150.5
207 163.5
153 74.5
240.5 197
232 233.5
244.5 200
158.5 224
168.5 227
208 169.5
171 166.5
168 187.5
225 159.5
233.5 165
253 98.5
248 157.5
142 169.5
164.5 227
219 151.5
239.5 204
262 83.5
248.5 165
206 157.5
263.5 161
164.5 164
240.5 51
170 217.5
239 223.5
213 59.5
213 136.5
193.5 208
259.5 69
165 87.5
145 162.5
257.5 190
209 134.5
199.5 50
201 55.5
232.5 107
150 173.5
258 188.5
143.5 232
243.5 51
164.5 103
165 211.5
152 172.5
260.5 182
259 155.5
241.5 197
134 226.5
271.5 146
265.5 150
238.5 155
191.5 209
230.5 154
257 176.5
189 44.5
212.5 145
261.5 180
142.5 176
199 210.5
238.5 50
158.5 48
149 153.5
246.5 199
242 196.5
199 209.5
166 88.5
279.5 141
153 69.5
227.5 50
208.5 65
220.5 142
153 146.5
266 149.5
145 161.5
263 173.5
164.5 42
203 71.5
200 220.5
156.5 223
251 195.5
225.5 203
165.5 227
172.5 233
153 143.5
260.5 151
258 162.5
165 163.5
167 161.5
264 153.5
262 178.5
137.5 223
167 94.5
260 69.5
156 136.5
152.5 222
223 146.5
168.5 184
258 163.5
268.5 142
224 148.5
176.5 42
202 63.5
229.5 196
248 197.5
257 191.5
196.5 227
205 130.5
206 222.5
256.5 177
215 204.5
146 159.5
214.5 118
172 174.5
199.5 211
195.5 229
218.5 202
179 231.5
249.5 104
139.5 233
177 219.5
167.5 215
239.5 108
155 79.5
202 60.5
242 229.5
222 107.5
155 139.5
234.5 154
212.5 60
182.5 42
160.5 84
158 129.5
258 189.5
208 68.5
232.5 234
177 216.5
257 170.5
259 187.5
216 56.5
202 69.5
146.5 175
213.5 190
227.5 233
230.5 224
230.5 165
210.5 217
261.5 149
260.5 70
153 145.5
138.5 233
263 80.5
155.5 170
279.5 140
268.5 148
223.5 193
181.5 42
142.5 168
224.5 194
172.5 219
143 167.5
219.5 193
165 200.5
205.5 226
242 230.5
264 152.5
234 164.5
164.5 202
263 171.5
148.5 232
171.5 225
154 140.5
259 90.5
223.5 148
223 157.5
141.5 232
272 140.5
260 184.5
162 112.5
192.5 45
222 155.5
217.5 233
232.5 50
278 138.5
267.5 148
146.5 159
263 79.5
165 100.5
229.5 107
168.5 42
258 158.5
246.5 165
251 185.5
249 196.5
231.5 233
179 210.5
157.5 223
224.5 233
153 144.5
206 70.5
160.5 45
228.5 204
197.5 48
161.5 85
163.5 165
153 60.5
206.5 70
163.5 87
210 175.5
261 85.5
153 68.5
220 141.5
247 190.5
166 194.5
228.5 195
248.5 197
175.5 42
230.5 204
138 222.5
199.5 233
213.5 226
251 54.5
161.5 167
165.5 99
273.5 145
256 180.5
240 50.5
269.5 147
225.5 194
242.5 164
249.5 159
258.5 158
250 102.5
140.5 222
221 153.5
213 146.5
159.5 232
200 213.5
223.5 233
163.5 232
212 60.5
153 72.5
276 138.5
222 145.5
252 183.5
213.5 210
159 224.5
257 167.5
201 53.5
166.5 89
135 224.5
186.5 43
209.5 144
265.5 144
243.5 195
164 206.5
177 220.5
179.5 210
141 232.5
227.5 106
271.5 141
212 121.5
229 152.5
160 45.5
167 190.5
199.5 221
233.5 204
226.5 106
256 94.5
166 195.5
275.5 139
168.5 161
205.5 133
221.5 111
213 145.5
152 148.5
164.5 232
172 176.5
173 223.5
201 52.5
154.5 79
160 122.5
208 67.5
266.5 149
228.5 162
172 172.5
194.5 46
251.5 100
165 101.5
259.5 155
169 183.5
166 197.5
279 139.5
154 142.5
264.5 151
206 153.5
215 203.5
236.5 223
167 92.5
242 231.5
206 155.5
188.5 209
178.5 232
163 86.5
210.5 233
207 144.5
241.5 155
186.5 209
144.5 222
208 66.5
249 158.5
241.5 227
232 165.5
150.5 151
202.5 71
200 216.5
217 149.5
136.5 233
270.5 147
249.5 196
258 67.5
258 92.5
207 127.5
166 162.5
158 128.5
250 163.5
225.5 225
222.5 233
263 168.5
233.5 234
233.5 197
148 174.5
157 132.5
159 47.5
148 156.5
164 207.5
177 226.5
177 227.5
257.5 66
198.5 233
231.5 224
235 162.5
215.5 149
277 143.5
164 209.5
244.5 52
155 53.5
255 96.5
254 97.5
167.5 188
177 224.5
218.5 115
206 148.5
153 58.5
263 164.5
154 171.5
141 173.5
193 45.5
251 100.5
264 158.5
256 178.5
135 225.5
144.5 232
244.5 108
257 173.5
217.5 56
177 221.5
206.5 222
213 187.5
258.5 188
219.5 54
168 184.5
245 192.5
243.5 155
232.5 224
230.5 197
266 143.5
261 70.5
166.5 227
264 145.5
212 183.5
208 126.5
270 141.5
206.5 145
170 180.5
215 205.5
199 222.5
236.5 162
215 225.5
213 120.5
254.5 182
261 149.5
212 185.5
208 170.5
222.5 106
220.5 202
254.5 194
194.5 208
209.5 63
141 172.5
165.5 198
219.5 152
250.5 161
182.5 209
258 159.5
241.5 51
209 218.5
209 172.5
170 179.5
170 163.5
224.5 159
230 196.5
221 53.5
143.5 222
224.5 225
261.5 84
159 82.5
161 118.5
263 177.5
166.5 214
140.5 233
213.5 137
237.5 234
260 86.5
172 171.5
207.5 69
278.5 142
263 175.5
225 202.5
209 171.5
165.5 42
235.5 162
206 129.5
241.5 233
170.5 164
211.5 183
214 137.5
245.5 108
237.5 223
205 131.5
205.5 223
149.5 232
173.5 233
166 98.5
216.5 139
237.5 162
141 174.5
148 154.5
226 50.5
230.5 107
242 163.5
216.5 193
253 58.5
169 161.5
210.5 62
177 222.5
202 59.5
211.5 215
231.5 204
162 85.5
148 155.5
254.5 97
164 205.5
263 76.5
218.5 55
264.5 145
240.5 163
235.5 50
195 229.5
162 43.5
218 140.5
255 95.5
188.5 44
215.5 57
234.5 197
235.5 204
246 191.5
211 61.5
241 233.5
207.5 134
219.5 115
210.5 135
151 149.5
154.5 54
156.5 170
257 171.5
244.5 194
177 218.5
161 115.5
151.5 222
241 225.5
208.5 226
156 51.5
253.5 194
163.5 227
229.5 204
250 159.5
155.5 232
258.5 68
167 91.5
159.5 83
262 82.5
214 147.5
192.5 208
228.5 50
153 64.5
208.5 126
266.5 143
215 192.5
225.5 106
213 58.5
171 167.5
226.5 225
222.5 157
235.5 154
280 140.5
263 169.5
166 193.5
251.5 195
165 201.5
242 202.5
167.5 232
258 165.5
263 161.5
154 55.5
232.5 166
227.5 203
251.5 185
179 229.5
220.5 233
156.5 232
152.5 232
224.5 149
170 232.5
180 209.5
229 106.5
211 181.5
177 217.5
227.5 151
198 224.5
263 75.5
159 126.5
248.5 105
157.5 82
229.5 163
272.5 145
208 168.5
174 221.5
231.5 165
218.5 151
180 230.5
202 64.5
146.5 222
160 167.5
167.5 42
172 170.5
213 212.5
208.5 134
169.5 181
212.5 213
227 161.5
135.5 224
257 172.5
235.5 234
231.5 107
167 188.5
259 157.5
199 208.5
211.5 233
155 138.5
155 170.5
244 200.5
174 220.5
167 89.5
272.5 140
179 211.5
217.5 116
229 162.5
171.5 233
145.5 176
150.5 173
169.5 42
206 71.5
275.5 144
241.5 203
149.5 222
158 223.5
233.5 223
200.5 52
206 151.5
249.5 164
215 202.5
259 156.5
209.5 226
172.5 224
187.5 209
254.5 62
215.5 138
217.5 140
134 227.5
159 125.5
260 182.5
161 84.5
149.5 174
139.5 222
209 64.5
160 124.5
153.5 172
202 56.5
214 190.5
221.5 193
167.5 227
272 145.5
216.5 117
220.5 153
150.5 232
261 84.5
170.5 179
257.5 166
172 173.5
158.5 82
251 161.5
251 55.5
160 120.5
221 143.5
165.5 163
162.5 227
198.5 49
177 223.5
142.5 232
153 71.5
166.5 42
155.5 137
256.5 192
200 50.5
248.5 158
135 232.5
279 141.5
202.5 233
242 228.5
161.5 115
156 134.5
151.5 149
263 74.5
206 149.5
243 195.5
218 115.5
253 182.5
207 162.5
208.5 171
223 52.5
263 166.5
206 147.5
245.5 192
198.5 208
200.5 233
201.5 233
244.5 165
219.5 225
252 184.5
134.5 226
207.5 167
153 63.5
192 208.5
205.5 72
202 62.5
160 121.5
265 144.5
195 230.5
264 155.5
153 76.5
214 118.5
237.5 155
178.5 42
247.5 165
229.5 233
224.5 51
239.5 197
157.5 169
256 64.5
189.5 209
137.5 233
195 46.5
229 224.5
146 160.5
248 188.5
169 216.5
153 62.5
157 131.5
223.5 52
197 47.5
157 49.5
201.5 56
221 142.5
149 152.5
201 54.5
173 219.5
163 108.5
145.5 222
134 229.5
263 167.5
169 182.5
263 165.5
160 46.5
273.5 140
249 187.5
264 160.5
212 186.5
248.5 53
277.5 143
209.5 174
214.5 57
153.5 232
147.5 232
238.5 108
254 60.5
228 151.5
178.5 228
141 171.5
138.5 222
220.5 193
250.5 186
263 163.5
222.5 193
158 48.5
202 68.5
226.5 161
154 141.5
242.5 108
262 72.5
249.5 187
148.5 174
155.5 81
219 54.5
214 207.5
246 107.5
164 208.5
238.5 223
169 181.5
235.5 223
229.5 224
240.5 108
134 228.5
260 87.5
207 166.5
156.5 50
245.5 156
200 211.5
262.5 74
250.5 54
171.5 42
151.5 232
164 105.5
210.5 144
217.5 225
171.5 168
168.5 232
222 144.5
263 174.5
177.5 215
230.5 233
221.5 53
211.5 61
262 148.5
261 180.5
200 219.5
259.5 185
197 232.5
220.5 54
234.5 50
196 231.5
180.5 209
160.5 227
154 54.5
157 133.5
216 138.5
219.5 141
225.5 160
214.5 226
206.5 159
153 75.5
262.5 82
171 165.5
247.5 190
225.5 150
257 175.5
160 83.5
164 203.5
260 153.5
235.5 197
155 52.5
176.5 233
254 61.5
151.5 173
248.5 188
183.5 42
161.5 227
252 56.5
167 189.5
255 193.5
211 179.5
173.5 42
221.5 144
195.5 208
162.5 232
258 160.5

%edges
0 999
1 1012
2 697
3 1354
4 473
5 554
6 629
7 988
8 182
9 1401
10 984
11 879
12 1011
13 966
14 864
15 1158
16 121
17 440
18 185
19 346
20 89
21 48
22 462
23 17
24 287
25 1
26 911
27 1353
28 352
29 169
30 795
31 1367
32 1073
33 350
34 689
35 91
36 870
37 683
38 363
39 1339
40 1236
41 454
42 780
43 1195
44 739
45 1379
46 1255
47 589
48 1043
49 1347
50 116
51 516
52 965
53 529
54 619
55 88
56 1136
57 37
58 1294
59 1171
60 93
61 710
62 765
63 805
64 55
65 1310
66 120
67 630
68 538
69 398
70 1055
71 2
72 1126
73 122
74 886
75 613
76 1104
77 1282
78 338
79 522
80 1276
81 1140
82 1230
83 770
84 957
85 1134
86 1185
87 920
88 201
89 1116
90 449
91 1089
92 452
93 830
94 238
95 1216
96 153
97 777
98 487
99 755
100 316
101 990
102 863
103 1131
104 1004
105 357
106 1192
107 1123
108 803
109 1389
110 1377
111 173
112 67
113 1056
114 1015
115 971
116 942
117 329
118 565
119 139
120 1040
121 1044
122 513
123 447
124 643
125 977
126 1001
127 573
128 1088
129 109
130 406
131 1118
132 963
133 1145
134 509
135 868
136 425
137 996
138 593
139 1306
140 245
141 1266
142 195
143 1323
144 903
145 451
146 953
147 1183
148 1122
149 295
150 343
151 1327
152 481
153 1050
154 405
155 378
156 393
157 721
158 651
159 913
160 896
161 435
162 734
163 119
164 802
165 1307
166 673
167 408
168 1319
169 1352
170 417
171 1070
172 251
173 776
174 980
175 434
176 359
177 505
178 1139
179 144
180 778
181 764
182 241
183 1148
184 881
185 640
186 1079
187 594
188 916
189 1278
190 1372
191 628
192 325
193 1342
194 1087
195 987
196 1137
197 1256
198 1245
199 439
200 312
201 677
202 373
203 1020
204 200
205 932
206 135
207 890
208 1374
209 147
210 299
211 33
212 374
213 266
214 36
215 1151
216 181
217 845
218 1297
219 694
220 1343
221 214
222 494
223 832
224 422
225 1397
226 459
227 670
228 519
229 381
230 138
231 623
232 367
233 611
234 893
235 56
236 768
237 26
238 205
239 666
240 348
241 1275
242 586
243 247
244 1322
245 658
246 536
247 1344
248 75
249 84
250 533
251 998
252 530
253 960
254 1069
255 1023
256 741
257 361
258 156
259 302
260 612
261 163
262 1375
263 21
264 835
265 1090
266 772
267 470
268 90
269 834
270 927
271 1382
272 421
273 415
274 943
275 843
276 418
277 821
278 366
279 1237
280 934
281 1271
282 483
283 73
284 715
285 83
286 80
287 1166
288 1385
289 1345
290 1357
291 1395
292 904
293 626
294 569
295 260
296 1106
297 958
298 431
299 874
300 1399
301 1049
302 661
303 290
304 537
305 202
306 49
307 891
308 275
309 909
310 269
311 1348
312 871
313 27
314 1062
315 1304
316 1077
317 688
318 167
319 151
320 1057
321 707
322 1248
323 540
324 917
325 1250
326 781
327 1030
328 1016
329 690
330 510
331 158
332 1337
333 568
334 443
335 365
336 858
337 303
338 719
339 448
340 667
341 292
342 810
343 603
344 438
345 1234
346 822
347 178
348 379
349 1267
350 866
351 465
352 827
353 1332
354 860
355 898
356 812
357 24
358 105
359 885
360 641
361 293
362 616
363 40
364 475
365 1078
366 928
367 1281
368 1051
369 217
370 97
371 585
372 824
373 364
374 784
375 703
376 282
377 775
378 218
379 410
380 112
381 759
382 356
383 370
384 686
385 1346
386 353
387 199
388 839
389 1064
390 771
391 535
392 1369
393 1103
394 4
395 766
396 779
397 76
398 1142
399 756
400 1189
401 495
402 940
403 1187
404 12
405 823
406 1309
407 285
408 849
409 814
410 1295
411 989
412 136
413 584
414 61
415 117
416 34
417 126
418 936
419 327
420 532
421 203
422 1330
423 326
424 114
425 726
426 1308
427 491
428 595
429 397
430 806
431 1154
432 520
433 1124
434 231
435 47
436 104
437 286
438 196
439 1262
440 1370
441 133
442 1211
443 754
444 736
445 296
446 1186
447 923
448 526
449 236
450 668
451 335
452 1351
453 368
454 1100
455 1204
456 227
457 892
458 1315
459 512
460 639
461 1368
462 914
463 1161
464 725
465 820
466 1283
467 70
468 1274
469 337
470 400
471 1046
472 1017
473 875
474 951
475 635
476 752
477 1084
478 1320
479 1246
480 714
481 1270
482 1243
483 500
484 171
485 918
486 857
487 572
488 145
489 351
490 382
491 919
492 362
493 642
494 32
495 744
496 724
497 580
498 679
499 264
500 52
501 1277
502 818
503 867
504 704
505 250
506 1326
507 571
508 1031
509 502
510 143
511 618
512 1268
513 1398
514 125
515 225
516 360
517 1144
518 253
519 514
520 68
521 396
522 380
523 10
524 1386
525 701
526 761
527 1086
528 527
529 1067
530 730
531 1181
532 656
533 1333
534 387
535 128
536 1313
537 1128
538 38
539 962
540 545
541 1032
542 159
543 305
544 763
545 1350
546 1127
547 711
548 1082
549 1000
550 1403
551 79
552 1021
553 1284
554 992
555 30
556 1365
557 1301
558 444
559 193
560 504
561 660
562 833
563 1177
564 859
565 969
566 1052
567 633
568 42
569 1288
570 1239
571 479
572 674
573 148
574 921
575 696
576 1033
577 884
578 1263
579 655
580 131
581 1225
582 230
583 9
584 740
585 1054
586 501
587 223
588 428
589 429
590 705
591 970
592 912
593 993
594 25
595 862
596 1196
597 716
598 1080
599 559
600 388
601 645
602 792
603 1169
604 844
605 268
606 991
607 1380
608 118
609 1008
610 107
611 176
612 1233
613 99
614 680
615 1147
616 222
617 1013
618 1272
619 110
620 1121
621 164
622 1003
623 553
624 391
625 1108
626 1019
627 1101
628 691
629 63
630 672
631 375
632 186
633 1232
634 1290
635 1162
636 1201
637 731
638 1227
639 274
640 74
641 50
642 1391
643 1199
644 887
645 662
646 1258
647 188
648 457
649 341
650 189
651 412
652 1383
653 383
654 92
655 1362
656 16
657 663
658 372
659 931
660 1292
661 150
662 482
663 1165
664 6
665 1235
666 808
667 1102
668 1203
669 1291
670 747
671 648
672 77
673 1356
674 1028
675 534
676 1363
677 794
678 324
679 1026
680 976
681 1176
682 307
683 411
684 550
685 621
686 574
687 349
688 579
689 816
690 160
691 746
692 570
693 64
694 390
695 888
696 684
697 174
698 1130
699 281
700 1149
701 1009
702 259
703 1231
704 344
705 1037
706 1038
707 652
708 983
709 783
710 1269
711 1217
712 657
713 560
714 267
715 900
716 81
717 748
718 854
719 472
720 1312
721 878
722 578
723 762
724 204
725 1167
726 1112
727 625
728 1393
729 1384
730 922
731 631
732 880
733 602
734 1135
735 369
736 967
737 132
738 592
739 563
740 1207
741 555
742 938
743 69
744 436
745 1361
746 975
747 796
748 1279
749 45
750 1168
751 1113
752 782
753 399
754 728
755 758
756 826
757 175
758 551
759 1318
760 172
761 35
762 897
763 687
764 610
765 1117
766 166
767 1311
768 106
769 464
770 427
771 698
772 1111
773 856
774 1172
775 1364
776 240
777 955
778 587
779 358
780 31
781 207
782 184
783 94
784 749
785 277
786 1133
787 1179
788 829
789 46
790 1125
791 813
792 1358
793 1173
794 1184
795 836
796 682
797 804
798 53
799 433
800 581
801 1200
802 489
803 474
804 255
805 901
806 283
807 552
808 258
809 669
810 1381
811 1115
812 525
813 702
814 699
815 1093
816 1317
817 937
818 1376
819 1220
820 215
821 1041
822 1143
823 297
824 622
825 476
826 490
827 1048
828 1094
829 1164
830 597
831 404
832 1212
833 872
834 304
835 289
836 925
837 1402
838 727
839 1228
840 423
841 219
842 198
843 298
844 23
845 95
846 1293
847 664
848 1159
849 484
850 179
851 974
852 477
853 1060
854 964
855 793
856 1018
857 865
858 774
859 161
860 331
861 798
862 1396
863 676
864 113
865 1107
866 254
867 811
868 840
869 384
870 100
871 488
872 654
873 456
874 837
875 547
876 441
877 846
878 226
879 1264
880 907
881 671
882 15
883 1022
884 1280
885 956
886 785
887 524
888 1299
889 503
890 751
891 1325
892 544
893 355
894 708
895 1036
896 1097
897 508
898 54
899 1193
900 129
901 320
902 432
903 981
904 115
905 170
906 1296
907 450
908 828
909 279
910 1146
911 598
912 675
913 499
914 402
915 345
916 825
917 791
918 1096
919 211
920 419
921 1223
922 347
923 1188
924 1110
925 546
926 1114
927 733
928 1072
929 44
930 1286
931 557
932 1058
933 853
934 935
935 458
936 485
937 556
938 972
939 216
940 41
941 531
942 1334
943 261
944 1388
945 1059
946 233
947 608
948 280
949 1244
950 1242
951 127
952 1300
953 1205
954 997
955 577
956 60
957 315
958 321
959 848
960 638
961 506
962 1160
963 314
964 1053
965 706
966 413
967 637
968 1366
969 695
970 1251
971 243
972 86
973 278
974 1105
975 319
976 1209
977 1063
978 101
979 87
980 336
981 192
982 1006
983 386
984 102
985 1029
986 29
987 564
988 154
989 745
990 1305
991 1247
992 496
993 480
994 1091
995 627
996 566
997 1316
998 889
999 615
1000 1219
1001 392
1002 788
1003 460
1004 376
1005 426
1006 1215
1007 453
1008 213
1009 973
1010 1359
1011 906
1012 924
1013 1214
1014 1218
1015 528
1016 317
1017 51
1018 717
1019 1034
1020 463
1021 1341
1022 1153
1023 732
1024 165
1025 328
1026 582
1027 1005
1028 1229
1029 939
1030 590
1031 1076
1032 1007
1033 978
1034 43
1035 961
1036 1335
1037 221
1038 339
1039 767
1040 681
1041 273
1042 596
1043 985
1044 954
1045 561
1046 340
1047 786
1048 389
1049 229
1050 246
1051 869
1052 1075
1053 1226
1054 722
1055 401
1056 815
1057 801
1058 1045
1059 946
1060 288
1061 212
1062 1331
1063 1265
1064 263
1065 140
1066 713
1067 98
1068 208
1069 945
1070 653
1071 737
1072 1387
1073 14
1074 342
1075 1360
1076 272
1077 1155
1078 949
1079 257
1080 1240
1081 944
1082 750
1083 735
1084 591
1085 718
1086 1238
1087 693
1088 309
1089 1191
1090 220
1091 20
1092 614
1093 799
1094 549
1095 65
1096 191
1097 59
1098 1014
1099 617
1100 562
1101 1261
1102 333
1103 1260
1104 979
1105 71
1106 301
1107 5
1108 130
1109 607
1110 232
1111 180
1112 152
1113 665
1114 395
1115 588
1116 678
1117 760
1118 1182
1119 210
1120 575
1121 478
1122 1371
1123 910
1124 498
1125 1257
1126 183
1127 521
1128 1095
1129 1349
1130 271
1131 3
1132 855
1133 486
1134 576
1135 1085
1136 1314
1137 523
1138 1061
1139 1198
1140 177
1141 224
1142 1175
1143 1210
1144 606
1145 1170
1146 743
1147 22
1148 284
1149 330
1150 209
1151 437
1152 787
1153 313
1154 1157
1155 632
1156 982
1157 467
1158 1324
1159 416
1160 1083
1161 270
1162 1047
1163 947
1164 1190
1165 1252
1166 902
1167 82
1168 146
1169 497
1170 58
1171 847
1172 1302
1173 469
1174 442
1175 882
1176 103
1177 420
1178 636
1179 311
1180 797
1181 19
1182 492
1183 194
1184 604
1185 332
1186 877
1187 234
1188 511
1189 894
1190 644
1191 134
1192 876
1193 905
1194 242
1195 1373
1196 1068
1197 646
1198 455
1199 377
1200 729
1201 1329
1202 831
1203 137
1204 11
1205 493
1206 371
1207 445
1208 1321
1209 605
1210 647
1211 414
1212 0
1213 1039
1214 807
1215 394
1216 1120
1217 883
1218 1141
1219 123
1220 291
1221 424
1222 1400
1223 685
1224 1092
1225 567
1226 948
1227 773
1228 239
1229 1152
1230 692
1231 515
1232 446
1233 908
1234 155
1235 1024
1236 1254
1237 723
1238 111
1239 190
1240 873
1241 1138
1242 403
1243 852
1244 1174
1245 7
1246 599
1247 1027
1248 1287
1249 1298
1250 950
1251 1074
1252 583
1253 817
1254 1253
1255 28
1256 187
1257 842
1258 959
1259 517
1260 1285
1261 650
1262 1180
1263 700
1264 1221
1265 851
1266 1066
1267 249
1268 1378
1269 142
1270 649
1271 334
1272 789
1273 256
1274 471
1275 601
1276 548
1277 276
1278 899
1279 915
1280 294
1281 1338
1282 709
1283 1392
1284 78
1285 108
1286 252
1287 468
1288 800
1289 244
1290 1206
1291 1222
1292 237
1293 634
1294 757
1295 323
1296 1150
1297 1340
1298 926
1299 1336
1300 1249
1301 861
1302 206
1303 1328
1304 620
1305 13
1306 306
1307 941
1308 430
1309 1071
1310 1129
1311 518
1312 543
1313 1390
1314 354
1315 72
1316 248
1317 1202
1318 1208
1319 790
1320 952
1321 753
1322 659
1323 738
1324 262
1325 769
1326 39
1327 385
1328 168
1329 929
1330 157
1331 968
1332 308
1333 1035
1334 933
1335 624
1336 1156
1337 895
1338 742
1339 720
1340 1197
1341 407
1342 1259
1343 1289
1344 149
1345 712
1346 1241
1347 819
1348 300
1349 1213
1350 18
1351 850
1352 197
1353 1109
1354 1119
1355 841
1356 1025
1357 162
1358 1273
1359 322
1360 838
1361 228
1362 124
1363 542
1364 558
1365 461
1366 1010
1367 1065
1368 141
1369 1132
1370 1394
1371 1081
1372 930
1373 1042
1374 809
1375 609
1376 986
1377 507
1378 600
1379 1099
1380 541
1381 466
1382 235
1383 539
1384 1098
1385 62
1386 57
1387 8
1388 265
1389 66
1390 1194
1391 1178
1392 1303
1393 318
1394 1224
1395 96
1396 1163
1397 994
1398 85
1399 409
1400 1355
1401 995
1402 310
1403 1002
