0 : 1019, 1034, 1351,
1 : 43, 452, 1034,
2 : 293, 361, 626, 1019, 1351,
3 : 179, 361, 850,
4 : 361, 850, 1351,
5 : 452, 596, 1042,
6 : 92, 596, 1196,
7 : 43, 452, 1042, 1195, 1373,
8 : 144, 179, 186,
9 : 179, 186, 257, 361, 1079,
10 : 144, 186, 632, 1077, 1155,
11 : 36, 100, 144, 316, 870, 1077,
12 : 452, 1034, 1351,
13 : 36, 144, 903,
14 : 654, 1068, 1196,
15 : 92, 452, 596,
16 : 36, 903, 981,
17 : 208, 872, 1068,
18 : 92, 654, 1196,
19 : 36, 192, 981,
20 : 654, 872, 1068,
21 : 36, 192, 214,
22 : 74, 979, 1104,
23 : 111, 114, 214, 527, 528, 1015, 1086, 1238,
24 : 192, 325, 1051,
25 : 208, 562, 833, 872, 1100,
26 : 325, 1051, 1250,
27 : 208, 669, 809, 1100, 1222, 1291, 1374,
28 : 454, 1100, 1222,
29 : 950, 1051, 1250,
30 : 41, 402, 454, 940, 1222,
31 : 950, 1051, 1242,
32 : 402, 841, 1222, 1355, 1400,
33 : 403, 1051, 1242,
34 : 402, 841, 914,
35 : 462, 841, 914,
36 : 403, 1051, 1187,
37 : 219, 390, 462, 694, 841,
38 : 22, 390, 462,
39 : 234, 1051, 1187,
40 : 22, 390, 1147,
41 : 390, 615, 771,
42 : 390, 615, 1147,
43 : 234, 541, 893,
44 : 698, 771, 999,
45 : 615, 771, 999,
46 : 0, 698, 1130,
47 : 355, 541, 893,
48 : 0, 698, 999,
49 : 271, 1130, 1212,
50 : 0, 1130, 1212,
51 : 355, 541, 898,
52 : 271, 832, 1382,
53 : 271, 832, 1212,
54 : 54, 541, 898,
55 : 223, 587, 778, 832, 1382,
56 : 54, 541, 619,
57 : 56, 235, 778, 1136, 1382,
58 : 110, 541, 619,
59 : 778, 1136, 1314,
60 : 354, 778, 1314,
61 : 180, 354, 772, 778, 1111,
62 : 354, 772, 860,
63 : 266, 331, 860,
64 : 145, 200, 204, 312, 335, 365, 414, 442, 451, 488, 496, 724, 871, 949, 1078, 1174, 1211, 1244,
65 : 61, 387, 710,
66 : 47, 74, 76, 161, 397, 429, 435, 589, 859, 1104,
67 : 18, 74, 185, 540, 545, 640, 920, 1350,
68 : 266, 772, 860,
69 : 158, 213, 331,
70 : 213, 266, 331,
71 : 158, 651, 1008,
72 : 158, 213, 1008,
73 : 214, 869, 1372,
74 : 412, 651, 882,
75 : 609, 651, 1008,
76 : 136, 412, 882,
77 : 609, 651, 1375,
78 : 136, 425, 1029,
79 : 262, 651, 1375,
80 : 425, 726, 1029,
81 : 262, 651, 1324,
82 : 27, 193, 559,
83 : 15, 651, 882, 1158, 1324,
84 : 27, 193, 1342,
85 : 136, 882, 1029,
86 : 152, 481, 726, 1029, 1112, 1270,
87 : 882, 1029, 1175,
88 : 649, 1043, 1270,
89 : 939, 1029, 1175,
90 : 48, 341, 649,
91 : 939, 1142, 1175,
92 : 21, 292, 341,
93 : 486, 635, 786, 956, 1047, 1133, 1162,
94 : 21, 292, 904,
95 : 398, 939, 1142,
96 : 985, 1029, 1270,
97 : 202, 305, 364, 373, 475, 543, 635, 956,
98 : 69, 107, 181, 216, 398, 610, 743, 764, 910, 939, 1123, 1146,
99 : 985, 1043, 1270,
100 : 543, 956, 1312,
101 : 48, 649, 1043,
102 : 720, 956, 1312,
103 : 21, 48, 341,
104 : 720, 956, 1339,
105 : 21, 115, 243, 247, 904, 971,
106 : 21, 247, 263, 389, 1064,
107 : 39, 81, 177, 250, 505, 506, 533, 597, 716, 830, 961, 1035, 1140, 1326, 1333, 1339,
108 : 149, 247, 295, 389, 1344,
109 : 295, 352, 389, 827, 1048,
110 : 73, 122, 283, 426, 430, 473, 806, 1308,
111 : 260, 295, 352, 612, 1233,
112 : 352, 908, 1233,
113 : 28, 46, 352, 789, 908, 1255,
114 : 5, 1107, 1180,
115 : 5, 554, 1180,
116 : 554, 992, 1180,
117 : 992, 1180, 1262,
118 : 439, 992, 1262,
119 : 199, 439, 992,
120 : 549, 789, 828, 908, 1094,
121 : 123, 447, 511, 549, 618, 789, 923, 1000, 1188, 1219, 1272,
122 : 192, 214, 869,
123 : 192, 869, 1051,
124 : 27, 110, 479, 507, 559, 571, 599, 1246, 1377,
125 : 517, 606, 883, 991, 1144, 1259, 1342,
126 : 426, 473, 991, 1005, 1027, 1247,
127 : 85, 122, 473, 513, 576, 1134, 1398,
128 : 384, 869, 891,
129 : 11, 114, 214, 424, 879, 1204, 1221, 1264,
130 : 234, 368, 453, 541, 1007, 1032, 1051,
131 : 27, 110, 541, 607, 1109, 1353, 1380,
132 : 111, 214, 221, 705, 1037,
133 : 384, 598, 686,
134 : 111, 173, 240, 323, 348, 379, 410, 540, 705, 776, 1295,
135 : 178, 214, 347, 455, 530, 730, 922, 1139, 1198, 1204,
136 : 327, 419, 540, 590, 705, 920, 1030,
137 : 60, 93, 830, 956, 1339,
138 : 74, 87, 920,
139 : 574, 598, 686,
140 : 74, 87, 979,
141 : 27, 313, 1342,
142 : 574, 598, 921,
143 : 583, 1252, 1305,
144 : 214, 252, 530, 930, 1286, 1372,
145 : 313, 1153, 1342,
146 : 598, 921, 1223,
147 : 1022, 1153, 1342,
148 : 190, 570, 692, 869, 1239, 1372,
149 : 411, 683, 763,
150 : 411, 544, 763,
151 : 486, 885, 956,
152 : 598, 685, 1223,
153 : 544, 745, 1361,
154 : 411, 544, 745, 989,
155 : 37, 57, 683, 763,
156 : 883, 1022, 1342,
157 : 349, 524, 1267,
158 : 74, 117, 273, 277, 415, 785, 821, 859, 886, 1041,
159 : 176, 233, 359, 486, 611, 885, 945, 946, 1059, 1069,
160 : 514, 519, 648,
161 : 125, 514, 671,
162 : 125, 881, 977,
163 : 598, 621, 685,
164 : 82, 692, 725, 869, 1167, 1230,
165 : 117, 142, 195, 564, 859, 987, 1269,
166 : 883, 991, 1217,
167 : 184, 977, 1063,
168 : 315, 957, 1164,
169 : 782, 1063, 1265,
170 : 117, 387, 1269,
171 : 164, 621, 660,
172 : 687, 763, 1386,
173 : 249, 1164, 1190,
174 : 387, 710, 1269,
175 : 711, 991, 1217,
176 : 13, 413, 584, 966, 1252, 1305,
177 : 228, 519, 648, 1361,
178 : 464, 725, 769, 869, 891, 1325,
179 : 249, 524, 1267,
180 : 164, 802, 932,
181 : 782, 851, 1265,
182 : 61, 387, 414,
183 : 547, 711, 991,
184 : 524, 687, 1386,
185 : 57, 763, 1386,
186 : 117, 329, 387,
187 : 349, 524, 687,
188 : 249, 524, 644, 887, 1190,
189 : 547, 875, 991,
190 : 329, 387, 690,
191 : 84, 249, 1164,
192 : 544, 892, 1361,
193 : 307, 384, 670, 682, 747, 796, 891,
194 : 84, 957, 1164,
195 : 457, 892, 1361,
196 : 788, 829, 1002, 1121, 1164,
197 : 160, 387, 690,
198 : 550, 1121, 1403,
199 : 1002, 1121, 1403,
200 : 473, 875, 991,
201 : 457, 648, 1361,
202 : 514, 648, 671,
203 : 550, 684, 1121,
204 : 71, 782, 851, 974, 1105,
205 : 1120, 1249, 1298,
206 : 160, 387, 896,
207 : 125, 671, 881,
208 : 9, 583, 1305,
209 : 478, 684, 1121,
210 : 400, 1106, 1189,
211 : 184, 881, 977,
212 : 478, 684, 696,
213 : 575, 952, 1120,
214 : 227, 384, 456, 670, 873,
215 : 387, 896, 1097,
216 : 184, 782, 1063,
217 : 301, 400, 1106,
218 : 478, 696, 1320,
219 : 215, 351, 465, 489, 802, 820, 932,
220 : 575, 696, 1320,
221 : 575, 952, 1320,
222 : 315, 620, 1121, 1164, 1304,
223 : 59, 387, 1097,
224 : 865, 1107, 1180,
225 : 2, 71, 174, 697, 825,
226 : 71, 476, 752, 782,
227 : 952, 1120, 1300,
228 : 1120, 1249, 1300,
229 : 384, 598, 873, 1080, 1240,
230 : 387, 414, 496,
231 : 336, 858, 980, 1143,
232 : 95, 845, 1120, 1216, 1298,
233 : 217, 845, 1298,
234 : 71, 476, 825,
235 : 399, 593, 753, 756, 1208, 1321,
236 : 993, 1208, 1318,
237 : 480, 759, 1318,
238 : 381, 714, 759,
239 : 973, 1009, 1124,
240 : 217, 926, 1298,
241 : 199, 496, 992,
242 : 255, 732, 797, 804, 865, 1023, 1180,
243 : 199, 387, 496,
244 : 217, 369, 926,
245 : 369, 926, 1114,
246 : 215, 286, 437, 932, 1151,
247 : 582, 701, 1009,
248 : 174, 188, 825, 916,
249 : 26, 237, 598, 621, 660, 911, 1292,
250 : 59, 387, 1171,
251 : 387, 534, 1171,
252 : 174, 980, 1143,
253 : 732, 857, 865,
254 : 369, 735, 1114,
255 : 395, 735, 1114,
256 : 592, 847, 1171,
257 : 174, 188, 647,
258 : 395, 735, 1083,
259 : 395, 766, 1083,
260 : 592, 664, 847,
261 : 174, 647, 1210,
262 : 766, 1083, 1160,
263 : 534, 592, 675, 912, 1171,
264 : 166, 766, 1160,
265 : 356, 525, 582, 701, 812,
266 : 174, 1143, 1210,
267 : 774, 822, 858, 1172, 1302,
268 : 166, 962, 1160,
269 : 6, 592, 664,
270 : 166, 673, 962,
271 : 539, 673, 962,
272 : 822, 858, 1143,
273 : 486, 732, 857,
274 : 164, 561, 660, 932, 1045, 1058,
275 : 579, 652, 655, 688, 1362,
276 : 6, 592, 629,
277 : 486, 586, 732,
278 : 539, 673, 1356,
279 : 9, 1305, 1401,
280 : 63, 592, 629,
281 : 356, 382, 490, 582, 756, 826,
282 : 229, 267, 381,
283 : 586, 732, 963,
284 : 80, 286, 548, 750, 1082, 1276, 1282,
285 : 652, 1025, 1383,
286 : 63, 592, 738,
287 : 19, 346, 822, 1302,
288 : 539, 1356, 1383,
289 : 229, 470, 1049,
290 : 135, 206, 868, 1181, 1302,
291 : 63, 738, 1323,
292 : 630, 750, 1168,
293 : 1025, 1356, 1383,
294 : 301, 400, 1049,
295 : 19, 1181, 1302,
296 : 94, 205, 238, 286, 932,
297 : 328, 652, 1025,
298 : 317, 328, 652, 688, 1016,
299 : 321, 652, 707, 958, 1362,
300 : 297, 958, 1362,
301 : 297, 823, 1362,
302 : 405, 823, 1199,
303 : 154, 377, 405,
304 : 154, 558, 988,
305 : 168, 515, 1328,
306 : 63, 143, 1323,
307 : 531, 868, 941, 1181,
308 : 124, 643, 823, 1199, 1362,
309 : 377, 405, 1199,
310 : 154, 377, 558, 775, 1364,
311 : 7, 198, 558, 842, 988, 1245, 1257,
312 : 375, 631, 637, 731, 1125,
313 : 63, 143, 510,
314 : 168, 375, 1319,
315 : 868, 941, 1307,
316 : 342, 810, 917,
317 : 296, 445, 584, 740, 1106, 1189, 1207,
318 : 278, 815, 973,
319 : 278, 366, 1056,
320 : 113, 366, 928,
321 : 864, 928, 1072,
322 : 14, 1072, 1387,
323 : 94, 286, 709, 783, 1282,
324 : 400, 470, 1049,
325 : 8, 1073, 1387,
326 : 229, 267, 470,
327 : 342, 917, 1074,
328 : 165, 868, 1307,
329 : 267, 381, 714,
330 : 480, 714, 759,
331 : 353, 386, 708, 894, 983, 1165, 1189,
332 : 207, 326, 423, 665, 751, 781, 840, 868, 890, 1024, 1113, 1235,
333 : 8, 32, 182,
334 : 480, 993, 1318,
335 : 146, 493, 630, 953, 1168, 1205,
336 : 156, 258, 1098,
337 : 593, 993, 1208,
338 : 165, 868, 1024,
339 : 138, 593, 756,
340 : 182, 241, 494,
341 : 138, 230, 756,
342 : 995, 1305, 1401,
343 : 230, 582, 756,
344 : 241, 492, 1275,
345 : 444, 558, 637, 736, 967, 1257,
346 : 637, 1125, 1257,
347 : 77, 630, 672, 750, 1282,
348 : 497, 645, 1169,
349 : 375, 790, 1125,
350 : 498, 582, 679, 1009, 1026, 1124,
351 : 375, 790, 1319,
352 : 258, 1014, 1098,
353 : 168, 375, 515, 703, 1231,
354 : 603, 645, 1169,
355 : 1091, 1303, 1328,
356 : 808, 1014, 1218,
357 : 239, 666, 1218,
358 : 466, 1091, 1283, 1303, 1392,
359 : 466, 1116, 1381,
360 : 810, 1116, 1381,
361 : 380, 493, 642, 1178, 1391,
362 : 67, 112, 380, 493, 630,
363 : 666, 808, 1218,
364 : 433, 799, 973, 1093, 1124,
365 : 591, 917, 970, 1074, 1251,
366 : 839, 1218, 1228,
367 : 584, 1189, 1252,
368 : 627, 995, 1305,
369 : 157, 224, 226, 388, 422, 459, 512, 600, 721, 839, 878, 1141, 1218, 1268, 1330, 1378,
370 : 591, 791, 917,
371 : 591, 791, 813,
372 : 591, 813, 1084,
373 : 702, 813, 1084,
374 : 815, 973, 1093,
375 : 239, 1218, 1228,
376 : 278, 815, 1056,
377 : 636, 758, 1178, 1201, 1329,
378 : 79, 380, 522, 551, 758, 1178,
379 : 477, 702, 1084,
380 : 259, 477, 702,
381 : 259, 477, 852,
382 : 259, 302, 852,
383 : 113, 366, 1056,
384 : 302, 852, 1243,
385 : 324, 678, 810, 917, 1116,
386 : 302, 661, 1243,
387 : 113, 864, 928,
388 : 130, 132, 137, 406, 450, 566, 625, 668, 727, 732, 737, 838, 880, 907, 963, 996, 1052, 1071, 1075, 1108, 1203, 1309, 1360,
389 : 20, 89, 466, 1091, 1116,
390 : 383, 578, 1263,
391 : 482, 603, 1243,
392 : 14, 864, 1072,
393 : 482, 603, 662,
394 : 225, 515, 1328,
395 : 225, 994, 1091, 1328, 1397,
396 : 603, 645, 662,
397 : 497, 580, 645,
398 : 14, 1073, 1387,
399 : 150, 343, 603, 661, 1243,
400 : 580, 601, 645,
401 : 8, 32, 1073,
402 : 101, 576, 627, 978, 990, 1033, 1305,
403 : 131, 580, 601,
404 : 576, 627, 1101,
405 : 1165, 1189, 1252,
406 : 131, 492, 601, 1118, 1182,
407 : 32, 182, 494,
408 : 473, 576, 1101,
409 : 492, 601, 1275,
410 : 4, 394, 473, 888, 982, 1006, 1101, 1156, 1215, 1299, 1336,
411 : 222, 241, 362, 492, 494, 616,
412 : 75, 99, 613, 755, 758, 1329,
413 : 44, 75, 739, 929, 1329,
414 : 118, 565, 608, 695, 888, 969, 1101,
415 : 275, 298, 308, 353, 843, 1165, 1332,
416 : 298, 657, 663, 712, 1165, 1345,
417 : 552, 807, 918, 1021, 1214,
418 : 189, 608, 650, 899, 905, 1101, 1193, 1261, 1278,
419 : 170, 608, 905,
420 : 16, 75, 121, 248, 420, 532, 563, 656, 739, 954, 997, 1044, 1177, 1316,
421 : 170, 417, 608,
422 : 126, 417, 608,
423 : 486, 586, 1069,
424 : 126, 608, 1001,
425 : 392, 608, 1001,
426 : 392, 608, 862, 947, 1163, 1396,
427 : 392, 862, 1369,
428 : 298, 431, 467, 1154, 1157, 1345,
429 : 70, 401, 467, 1055, 1345,
430 : 428, 588, 595, 811, 862, 867, 1115, 1369,
431 : 503, 867, 1369,
432 : 503, 889, 1369,
433 : 172, 251, 760, 889, 998, 1117, 1369,
434 : 33, 83, 211, 254, 285, 350, 407, 427, 491, 586, 770, 866, 919, 1021, 1069, 1341,
435 : 258, 808, 1014,
436 : 289, 401, 1345,
437 : 289, 401, 835,
438 : 1117, 1132, 1369,
439 : 104, 401, 436, 495, 744, 835,
440 : 156, 1098, 1384,
441 : 855, 1117, 1132,
442 : 793, 855, 1117,
443 : 314, 322, 586, 963, 968, 1010, 1062, 1331, 1359, 1366,
444 : 45, 151, 191, 212, 319, 374, 385, 617, 628, 691, 746, 749, 784, 918, 975, 1013, 1061, 1096, 1099, 1138, 1214, 1241, 1327, 1346, 1379,
445 : 62, 288, 765, 793, 1060, 1117, 1385,
446 : 276, 418, 485, 501, 586, 918, 936, 1021, 1277,
447 : 104, 264, 835,
448 : 63, 156, 320, 729, 801, 805, 901, 1057, 1200, 1384,
449 : 104, 264, 1004,
450 : 63, 156, 281,
451 : 264, 499, 1004,
452 : 63, 167, 510,
453 : 376, 499, 1004,
454 : 42, 322, 333, 340, 468, 471, 568, 667, 780, 1046, 1102, 1248, 1274, 1287,
455 : 282, 376, 499,
456 : 282, 499, 913,
457 : 282, 483, 913,
458 : 156, 281, 393,
459 : 159, 483, 913,
460 : 303, 337, 469, 472, 793, 1173,
461 : 793, 853, 1060,
462 : 159, 483, 500,
463 : 167, 330, 510,
464 : 159, 500, 542,
465 : 31, 322, 780,
466 : 500, 542, 1363,
467 : 793, 853, 933,
468 : 31, 140, 245, 322, 372, 622, 658, 824, 1065, 1367,
469 : 383, 700, 1263,
470 : 322, 586, 622,
471 : 500, 676, 1363,
472 : 50, 116, 641, 793, 933, 942, 1334,
473 : 371, 383, 578, 585, 634, 722, 1054, 1206, 1290,
474 : 242, 586, 622, 1194, 1390,
475 : 78, 162, 290, 303, 1357,
476 : 52, 500, 676, 706, 965,
477 : 246, 536, 622, 1313, 1390,
478 : 676, 706, 1038,
479 : 393, 699, 1103,
480 : 246, 274, 460, 622, 639, 943, 1003,
481 : 339, 676, 1038,
482 : 96, 153, 246, 943, 1050,
483 : 162, 434, 734,
484 : 49, 96, 119, 139, 163, 261, 291, 306, 819, 943, 1220, 1306, 1347, 1395,
485 : 383, 700, 1149,
486 : 102, 339, 676, 863, 984,
487 : 339, 448, 984,
488 : 734, 757, 1135,
489 : 330, 383, 1149,
490 : 814, 1103, 1260,
491 : 10, 448, 523, 984, 1137,
492 : 51, 360, 516, 641, 793, 1017,
493 : 97, 294, 370, 383, 446, 567, 569, 577, 581, 633, 634, 777, 800, 846, 877, 884, 955, 1186, 1225, 1232, 1280, 1288, 1293,
494 : 1085, 1135, 1294,
495 : 472, 793, 1017,
496 : 108, 127, 148, 474, 573, 803, 951, 1285, 1399,
497 : 303, 472, 719,
498 : 197, 779, 1352,
499 : 197, 396, 1256,
500 : 187, 521, 1256,
501 : 448, 526, 1137,
502 : 718, 1085, 1170,
503 : 303, 338, 719,
504 : 187, 594, 1127,
505 : 25, 546, 594,
506 : 196, 344, 438, 526, 1137,
507 : 78, 303, 338,
508 : 1, 25, 925,
509 : 38, 363, 761,
510 : 78, 162, 1284,
511 : 1, 836, 1012,
512 : 167, 171, 330, 383, 408, 484, 653, 849, 1070,
513 : 795, 924, 1012,
514 : 162, 231, 434, 553, 623, 1284,
515 : 232, 367, 741,
516 : 718, 854, 1170,
517 : 175, 434, 734,
518 : 792, 938, 972,
519 : 175, 734, 757,
520 : 757, 1135, 1294,
521 : 91, 520, 1089,
522 : 432, 520, 1089,
523 : 432, 1089, 1191,
524 : 432, 902, 1191,
525 : 134, 902, 1191,
526 : 134, 509, 902,
527 : 502, 509, 1166,
528 : 287, 502, 818,
529 : 24, 818, 1376,
530 : 58, 1085, 1294,
531 : 854, 964, 1170,
532 : 58, 1085, 1170,
533 : 40, 363, 761,
534 : 964, 1053, 1145,
535 : 964, 1145, 1170,
536 : 128, 309, 391, 535, 624, 895, 1036, 1088, 1161, 1335, 1337,
537 : 133, 1053, 1226,
538 : 409, 1260, 1285,
539 : 133, 1053, 1145,
540 : 63, 167, 281, 318, 334, 443, 728, 754, 1271, 1393,
541 : 526, 1236, 1254,
542 : 133, 948, 1226,
543 : 133, 441, 948,
544 : 203, 272, 279, 309, 421, 508, 723, 762, 897, 909, 1020, 1031, 1076, 1237,
545 : 441, 876, 948,
546 : 280, 876, 948,
547 : 265, 300, 944, 1090, 1388,
548 : 280, 876, 1192,
549 : 232, 555, 1110,
550 : 281, 393, 699,
551 : 280, 934, 1192,
552 : 30, 924, 1110,
553 : 106, 934, 1192,
554 : 699, 814, 1103,
555 : 148, 300, 944, 1081, 1122, 1371,
556 : 409, 814, 1260,
557 : 106, 768, 934,
558 : 29, 169, 779, 986, 1352, 1376,
559 : 409, 1285, 1399,
560 : 68, 91, 520,
561 : 35, 68, 91,
562 : 509, 902, 1166,
563 : 35, 68, 538,
564 : 287, 502, 1166,
565 : 35, 538, 761,
566 : 38, 538, 761,
567 : 24, 287, 818,
568 : 24, 357, 1376,
569 : 40, 761, 1236,
570 : 105, 357, 1376,
571 : 768, 934, 935,
572 : 526, 761, 1236,
573 : 105, 358, 1376,
574 : 344, 526, 1254,
575 : 344, 1253, 1254,
576 : 358, 779, 1376,
577 : 148, 300, 1399,
578 : 141, 461, 556, 560, 713, 817, 937, 1066, 1266, 1365, 1368,
579 : 344, 817, 1253,
580 : 197, 396, 779,
581 : 396, 521, 1256,
582 : 344, 504, 560, 704, 817,
583 : 236, 768, 935,
584 : 187, 521, 1127,
585 : 546, 594, 1127,
586 : 367, 742, 792, 938, 1281, 1338,
587 : 25, 546, 925,
588 : 1, 836, 925,
589 : 795, 836, 1012,
590 : 236, 449, 935,
591 : 220, 244, 300, 659, 931, 1090, 1289, 1322, 1343,
592 : 30, 795, 924,
593 : 300, 931, 1348,
594 : 30, 555, 1110,
595 : 557, 931, 1348,
596 : 557, 1301, 1348,
597 : 232, 555, 741,
598 : 311, 1301, 1348,
599 : 256, 367, 741,
600 : 86, 332, 972, 1161, 1185, 1337,
601 : 311, 1179, 1301,
602 : 120, 935, 1040,
603 : 256, 367, 1273,
604 : 53, 98, 487, 529, 572, 674, 787, 798, 861, 1028, 1067, 1152, 1179, 1229, 1301,
605 : 367, 1273, 1358,
606 : 367, 792, 1358,
607 : 66, 458, 935,
608 : 270, 602, 733, 792, 927, 972,
609 : 72, 109, 129, 183, 284, 458, 715, 900, 1126, 1148, 1315, 1389,
610 : 66, 458, 1389,
611 : 66, 120, 935,
612 : 449, 935, 1040,
613 : 270, 972, 1161,
614 : 309, 463, 1161,
615 : 90, 449, 1040,
616 : 90, 681, 1040,
617 : 309, 463, 1020,
618 : 604, 844, 1095,
619 : 90, 268, 681,
620 : 3, 103, 268, 681, 1131, 1176,
621 : 17, 23, 440, 844, 1095,
622 : 3, 268, 605,
623 : 3, 605, 1354,
624 : 605, 1209, 1354,
625 : 1119, 1209, 1354,
626 : 440, 1095, 1128,
627 : 304, 834, 1370,
628 : 976, 1119, 1209,
629 : 210, 976, 1119,
630 : 310, 1394, 1402,
631 : 210, 680, 976,
632 : 304, 440, 1370,
633 : 210, 299, 680,
634 : 299, 614, 680,
635 : 269, 834, 1370,
636 : 299, 614, 874,
637 : 614, 874, 1092,
638 : 269, 310, 1370,
639 : 837, 874, 1092,
640 : 837, 1092, 1224,
641 : 310, 1370, 1394,
642 : 837, 1224, 1402,
643 : 304, 440, 537,
644 : 1224, 1394, 1402,
645 : 440, 537, 1128,
646 : 604, 677, 794, 1095, 1184,
647 : 65, 677, 1095,
648 : 65, 677, 1310,
649 : 55, 64, 88, 201, 677, 1310,
650 : 64, 693, 1310,
651 : 693, 1129, 1310,
652 : 693, 1087, 1129,
653 : 1087, 1129, 1349,
654 : 194, 1087, 1349,
655 : 194, 1213, 1349,
656 : 194, 1183, 1213,
657 : 1039, 1183, 1213,
658 : 147, 1039, 1183,
659 : 147, 767, 1039,
660 : 147, 209, 767,
661 : 209, 767, 1311,
662 : 209, 1150, 1311,
663 : 518, 1150, 1311,
664 : 12, 638, 1011,
665 : 518, 1150, 1296,
666 : 253, 518, 1296,
667 : 253, 906, 1296,
668 : 253, 906, 960,
669 : 906, 960, 1011,
670 : 638, 960, 1011,
671 : 12, 638, 1227,
672 : 12, 404, 1227,
673 : 404, 773, 1227,
674 : 404, 773, 831,
675 : 689, 773, 816, 831, 1202, 1317,
676 : 34, 416, 689, 773, 848, 959, 1159,
677 : 155, 218, 345, 378, 646, 717, 748, 773, 856, 915, 959, 1018, 1197, 1234, 1258, 1279, 1297, 1340,
