0 2
0 12
1 12
1 7
2 4
3 4
3 9
5 7
5 15
6 15
6 18
8 9
8 10
10 11
11 13
13 16
14 18
14 20
16 19
17 20
17 25
19 21
21 122
22 140
22 66
23 129
23 132
24 123
24 26
25 27
26 29
27 28
28 30
29 31
30 32
31 33
32 34
33 36
34 35
35 37
36 39
37 38
38 40
39 130
40 42
41 42
41 45
43 130
43 47
44 45
44 48
46 48
46 50
47 51
49 50
49 53
51 54
52 53
52 55
54 56
55 57
56 58
57 59
58 131
59 60
60 61
61 62
62 68
63 68
63 70
64 230
65 182
65 174
66 158
67 138
67 136
69 70
69 72
71 72
71 75
73 148
73 122
73 144
74 83
74 76
75 77
76 85
77 79
78 85
78 80
79 81
80 86
81 83
82 124
82 84
84 141
85 87
86 96
87 89
88 99
88 101
89 91
90 101
90 103
91 95
92 103
92 94
93 151
93 97
94 105
95 98
96 99
97 100
100 102
102 104
104 137
105 106
106 108
107 137
108 109
109 111
110 126
110 127
111 112
112 113
113 120
114 115
114 224
115 116
116 117
117 118
118 119
119 241
120 121
122 123
124 131
125 166
125 156
126 200
127 408
128 193
128 178
129 135
132 134
133 229
133 139
134 136
135 144
138 140
139 142
141 145
142 146
143 208
143 176
145 147
146 152
147 156
148 164
149 155
149 150
150 154
151 159
152 163
153 154
153 192
155 185
157 187
157 179
158 165
159 423
160 177
160 202
161 202
161 207
162 211
162 207
163 249
164 178
165 170
166 175
167 216
167 211
168 194
168 222
169 181
169 216
170 174
170 186
171 249
171 274
172 185
172 184
173 191
173 188
175 183
176 367
177 201
179 188
180 274
180 219
181 204
182 230
183 189
184 187
186 190
189 200
190 197
191 194
192 195
193 214
195 201
196 222
196 199
197 206
198 203
198 199
203 209
204 226
205 228
205 232
206 215
208 279
209 212
210 317
210 217
212 218
213 227
213 221
214 229
215 223
217 294
218 220
219 246
220 221
223 250
224 242
225 234
225 248
226 234
227 228
230 243
231 252
231 272
232 233
233 240
235 337
235 339
236 334
236 337
237 330
237 334
238 329
238 330
239 350
239 364
240 244
241 243
242 253
244 245
245 254
246 296
247 265
247 350
248 257
250 251
251 263
252 266
253 273
254 255
255 258
256 263
256 260
257 261
258 259
259 262
260 269
261 266
262 264
264 268
265 281
267 272
267 287
268 270
269 276
270 271
271 278
273 277
275 298
275 299
276 280
277 423
277 283
278 288
279 342
280 286
281 343
282 329
282 326
283 443
283 388
284 323
284 347
285 297
285 293
286 291
287 295
288 293
289 324
289 326
290 295
290 307
291 306
292 347
292 335
294 324
296 323
297 298
299 300
300 301
301 308
302 309
302 308
303 310
303 309
304 311
304 310
305 394
305 353
306 313
307 315
311 345
312 346
312 349
313 452
314 351
314 353
315 328
316 327
316 385
317 367
318 376
318 374
319 383
319 376
320 387
320 383
321 392
321 387
322 398
322 392
325 398
325 401
327 365
328 338
331 405
331 415
332 338
333 401
333 407
335 362
336 352
336 440
339 341
340 407
340 411
341 343
342 368
344 411
344 409
345 346
348 354
348 397
349 351
352 435
354 396
355 358
355 395
356 435
356 363
357 363
357 375
358 389
359 389
359 360
360 385
361 362
361 378
364 374
365 370
366 369
366 375
367 405
368 402
370 371
371 372
372 373
373 379
377 378
377 412
379 380
380 381
381 382
382 384
384 386
386 399
390 469
390 473
391 399
391 393
393 396
394 395
397 400
400 403
402 404
403 406
404 408
406 409
408 410
410 414
412 413
413 420
414 418
415 416
416 428
417 444
417 446
418 419
419 421
421 422
422 424
423 434
424 425
425 426
426 427
427 430
428 429
429 436
430 431
431 432
432 433
433 438
434 446
436 437
437 439
438 441
439 447
440 448
441 442
442 445
443 470
445 461
447 449
448 450
449 451
450 540
450 458
451 453
452 540
452 463
453 455
454 465
455 456
456 457
457 459
458 550
459 462
460 495
460 497
461 467
462 464
463 512
464 466
465 468
466 471
467 472
468 470
469 485
470 474
471 476
472 492
473 493
474 477
475 507
475 510
476 478
477 480
478 481
479 554
479 550
480 482
481 486
482 484
483 514
483 517
485 489
486 487
487 491
488 519
488 520
489 512
490 554
490 556
491 501
492 495
494 520
494 530
496 559
496 577
497 503
498 580
498 558
499 581
499 580
500 584
500 581
501 506
502 532
502 516
503 507
504 584
504 585
505 585
505 587
506 574
508 587
508 588
509 533
509 566
510 514
511 588
511 589
513 589
513 592
515 599
515 597
516 531
517 519
518 586
518 608
521 560
521 522
522 523
523 524
524 525
525 526
526 562
527 564
527 562
528 567
528 564
529 568
529 567
530 532
531 535
533 569
534 535
534 539
536 600
536 614
537 539
537 542
538 556
538 559
541 574
541 572
542 543
543 545
544 617
545 546
546 548
547 555
547 591
548 551
549 597
549 594
551 553
552 592
552 594
553 557
555 577
557 571
558 576
560 561
561 563
563 565
565 566
568 570
569 572
570 573
571 583
573 576
574 575
575 579
578 582
579 582
583 590
586 606
590 612
591 593
593 595
595 596
596 598
598 601
599 603
600 613
601 604
602 611
602 612
603 605
605 606
607 611
607 610
608 613
609 610
612 615
614 617
615 616
616 619
618 646
618 621
619 620
620 622
621 626
622 623
623 624
624 625
625 628
626 645
627 635
627 632
628 629
629 631
630 644
630 641
631 633
632 643
633 634
634 636
635 638
636 637
637 639
638 641
639 640
640 642
642 644
643 645
646 647
647 648
648 649
649 650
650 651
651 652
652 653
653 654
654 655
655 656
656 657
657 658
658 659
659 660
660 661
661 662
662 663
663 665
664 670
664 671
665 666
666 667
667 668
668 669
669 670
671 672
672 673
673 674
674 675
675 676
676 677
