210.95021 140.0501 3.97548
211.66702 140.33348 3.6702716
210.76468 139.97058 4.0381103
209.00005 139.62502 4.4034653
210 139.875 4.1551924
214.24997 141.74997 3.5531633
214.75003 142.25005 3.553173
214.00003 141.50002 3.5355446
208 139.38889 4.638137
208.5264 139.44739 4.5526686
206.25 139 5.153882
204.16667 139 6.009249
211 140.07692 3.954815
202.46443 139.46425 6.7771797
215.24979 142.74976 3.5531569
214.24997 141.74997 3.5531633
201.64264 139.6429 7.2313547
215.74986 143.24983 3.5531676
214.75003 142.25005 3.5531623
200.78484 139.78584 7.7362475
215.24979 142.74976 3.5531569
196.72743 140.2727 10.644491
190.10123 108.04721 25.706371
183.8685 121.473495 22.953455
184.258 146.00298 21.74774
216.98383 144.75803 4.052362
184.66216 147 21.34369
217.13638 144.86365 4.097225
217.13585 144.86278 4.097376
185.04355 148.00822 20.96243
217.24196 145.01614 4.052374
185.39189 149 20.614172
218.46553 146.01724 3.5721357
185.71878 150.00826 20.28738
219.0556 146.94452 3.2796507
219.50012 147.50015 3.2015622
186.01352 151 19.992744
219.83334 147.83334 3.1841626
219.93753 148.06259 3.113677
186.28378 152 19.722555
220.31255 148.68755 2.9381726
221.24985 149.74983 2.8504212
220.7499 149.24988 2.8504293
186.61429 153 19.392164
221.74997 150.24997 2.850433
221.24985 149.74983 2.8504212
222.24994 150.74992 2.8504372
186.9306 154.00677 19.07595
221.74997 150.24997 2.850433
222.7499 151.24988 2.8504293
222.24994 150.74992 2.8504372
187.21613 155.00679 18.790524
223.24985 151.74983 2.8504212
222.7499 151.24988 2.8504293
187.47144 156 18.535322
224.29997 153.09998 3.3241298
187.7 157 18.306826
224.98274 153.53445 3.5721312
187.9 158 18.1069
225.20027 153.80037 3.6236007
225.59982 154.39972 3.7642188
225.83328 154.83325 3.890891
225.99988 154.99988 3.9051092
226.50008 155.50008 3.9051347
210.87502 106.875015 11.131299
195.74007 98.741325 26.885542
190.08899 108.06932 25.699718
189.03204 109.90613 25.147419
225.99988 154.99988 3.9051092
226.99994 155.99994 3.905117
226.50008 155.50008 3.9051347
227.50012 156.50014 3.9051306
226.99994 155.99994 3.905117
180.64398 139.76707 24.460457
231.00005 158.37502 4.403492
227.50012 156.50014 3.9051306
231.9999 158.74995 4.776196
227.99922 156.9993 3.9049766
232.9998 158.37506 4.403541
228.5449 157.45413 3.9689922
234 158.125 4.1551924
229.13626 157.86357 4.097181
189.32857 165 17.678497
229.27776 157.94444 4.12945
189.41438 166.0014 17.592718
232 158.75 4.776243
234.82608 158.02174 4.034934
232 158.99985 4.609888
238 158.5 3.535534
232 159.00008 4.6097145
239 158.5 3.535534
232 160.00014 3.905037
240 158.5 3.535534
235.5787 86.185616 21.040842
241 158.64285 3.6770148
232.08337 160.91699 3.318527
235.99995 158.35713 3.6770153
237.9265 92.867714 15.138295
232.38889 162.44446 2.611705
237 158.5 3.535534
238.0005 93.00089 15.007422
238 158.5 3.535534
239.00038 94.66726 13.342098
239 158.5 3.535534
240.00174 96.20257 11.807949
241.86957 158.89131 3.90881
242.17648 159.14706 3.91188
241.0022 97.91273 10.099548
243.82352 159.85294 3.9118721
244.17648 160.14706 3.91188
190.95502 179.70903 19.083303
245.82352 160.85294 3.9118721
245.99924 160.99931 3.905164
246.125 161.125 3.893103
225.0092 83.51667 22.488686
223.99295 84.061646 21.944214
222.99669 84.56685 21.43906
219.99178 86.00402 20.152678
219.33195 86.33404 19.919476
218.69023 86.66913 19.702454
246.19557 161.15215 3.8598785
246.99998 161.77777 3.260789
182.7734 142.41951 23.429998
184.17938 145.82109 21.822977
189.25702 164.37387 17.743443
190.07535 172.8562 18.07886
190.76093 177.91342 18.765514
190.80464 185.4238 20.405901
168.00192 146.45801 14.55052
182.38594 126.37726 22.46453
186.31406 152.12437 19.689564
188.62328 162.21915 17.77026
183.97092 121.2345 22.979815
160.22269 154.22151 9.9452305
185.39792 117.39934 23.576849
180.85716 134.78558 23.255417
186.26886 115.8469 23.781818
240.05554 96.277756 11.730668
189.35762 109.35922 25.304998
159.81448 154.81528 9.81411
189.73123 108.71094 25.499392
189.58582 169.0014 17.592962
159.3896 155.38795 9.7096615
198.0041 192.70035 15.307687
180.64285 139.7143 24.4459
189.67143 170 17.678505
158.94005 155.94974 9.630369
189.7861 171.00304 17.793215
176.27792 141.59288 20.907726
262.10007 152.09987 1.9415786
262.16666 152 1.9003022
235.0618 84.070564 22.89001
158.48401 156.47865 9.578866
263 150 1.8027756
262.74997 150.25005 1.7677561
262 152.33334 2.0069392
189.92906 172.00304 17.936117
262 155 2.0615528
190.28104 107.5942 25.789236
234.90903 83.48469 23.409739
264.25015 148.24986 2.1506045
264.7502 147.74983 2.150569
265.2502 147.2498 2.1506398
158.00027 156.99971 9.55249
172.3265 143.60893 17.80707
191.39207 105.594246 26.03228
190.08344 173.00142 18.090385
265.74988 146.75008 2.1505263
261.29993 159.00027 2.745928
266.24994 146.25005 2.1505582
194.45596 99.04862 27.573997
157.55841 157.55667 9.471166
262 153 2.0615528
261.5 156.99992 2.5494947
194.92233 98.9411 27.322464
190.16667 174 18.173552
198.14091 192.78615 15.218089
264.12497 148.37503 2.1286697
168.85858 145.78648 15.217758
261.75 156 2.304886
157.16669 158.16664 9.316965
266.83353 145.83322 2.2669349
196.52098 98.53963 26.476189
190.27777 175 18.284609
262 154 2.0615528
262 153 2.0615528
192.49315 96 25.49805
262 154 2.0615528
261.5 156.49998 2.5
190.41667 176 18.423458
191.8681 94.98572 24.87342
261.5 156.99992 2.5494947
263 150 1.8027756
166.30026 147.69978 13.354183
261.5 158.00008 2.5495248
263.5001 149.4999 1.8028138
260.83334 159.66663 2.838239
191.28767 94 24.29282
260.5 161.00008 2.5495248
260.69992 160.00027 2.745878
190.58333 177 18.590054
263.90012 148.89978 1.9417642
264.25015 148.24986 2.1506045
260.5 161.99992 2.5494947
267.5 145.5 2.5
260.29993 167.00027 2.745928
190.72603 93 23.731297
264.7502 147.74983 2.1505938
197.00313 192.02544 15.982289
260.5 161.99992 2.5495248
210.5 197.5 6.726812
265.2502 147.2498 2.1506186
260.5 162.99992 2.5495248
260.5 164.99992 2.5494947
161.83347 152.1665 10.494731
190.19179 92 23.197176
265.74988 146.75008 2.1505902
210.5 197.5 6.726812
260.5 162.99992 2.5495248
156.99103 158.48691 9.2079525
260.5 163.99992 2.5494947
260.5 163.99992 2.5495248
261.1667 159.33328 2.8382568
189.68494 91 22.690445
225.9972 82.95815 23.047333
269.5 144.5 2.5
267.5 145.5 2.5
260.5 164.99992 2.5495248
260.5 166.00008 2.5494947
160.39647 153.9484 10.00928
197.13835 98.37136 26.156765
271.3846 143.15384 2.1569276
260 167.75002 3.0103998
260 168 3.0413814
267.4997 145.50012 2.5000854
221.66667 197.5 4.5030823
221 197.5 4.527693
220 197.5 4.527693
219 197.5 4.527693
227.66711 199.33353 3.6702302
260 168 3.0413814
208.32817 92.32105 19.696648
226.23047 82.81962 23.18201
204.00166 94.5812 21.586952
260 169 3.0413814
260 169 3.0413814
155.7391 159.97728 8.48441
226.9993 198.99937 3.9051561
269.5 144.5 2.5
157.79993 157.20009 9.546213
189.20547 90 22.211111
188.21223 87.80262 21.27988
271.2502 143.24983 2.1505938
226.99052 82.44479 23.560312
260 170 3.0413814
260 170 3.0413814
181.49934 74.472084 20.881916
269.5 144.5 2.5
260 171 3.0413814
260 171 3.0413814
181.17517 73.85002 21.092562
270.16663 144.16669 2.2669191
260 172 3.0413814
184.7132 80.39271 19.91731
260 172 3.0413814
226.8235 198.85294 3.911863
270.75015 143.74986 2.1506045
273.5 142.5 2.5
260 173 3.0413814
180.83218 73.16432 21.334831
260 173 3.0413814
260 174 3.0413814
273 142.75 2.304886
227.99583 81.922226 24.082878
157.2857 157.92859 9.394962
259.1667 178.3333 2.8382452
180.50087 72.47286 21.58946
232.90817 79.23686 27.12374
260 174 3.0413814
196 191.30232 16.705158
180.19328 71.80294 21.845608
224.83333 198 4.0138645
218 197.5 4.527693
232.71527 77.42361 26.276897
152.99997 163.00005 7.433021
260 176 3.0413814
179.4 70 22.605537
273.5 142.5 2.5
260 175 3.0413814
217 197.5 4.527693
275.5 141.5 2.5
178.93834 69.010414 23.066856
150.66765 165.66537 6.4916744
260 175 3.0413814
216 197.5 4.527693
273.5 142.5 2.5
154.57706 161.03833 7.990877
260 176 3.0413814
260 176.25003 3.010396
258.83334 178.66664 2.8382397
258.69992 179.00027 2.7458224
258.5 180.00008 2.5494947
257.5 182.49998 2.5
257.2142 183.21446 2.8003924
256.74963 183.75043 2.850551
252.7501 189.74988 4.2573223
178.44 68 23.565302
275.5 141.5 2.5
258.5 180.49998 2.5000122
257.33334 183 2.7131267
257.16666 183.33331 2.8382533
255.4375 185.43752 3.563048
254.16672 187.83328 3.8908703
177.92702 67.013145 24.077904
253.13554 189.13768 4.0974374
275.49966 141.50014 2.5000916
248.93788 192.9373 3.1138117
204.25 197.5 11.855906
230.99973 200.49998 3.53548
231.99973 200.49998 3.53548
232.99973 200.49998 3.53548
233.99973 200.49998 3.53548
234.99973 200.49998 3.53548
153.11528 162.80783 7.480244
216 197.5 4.527693
235.99973 200.49998 3.53551
217 197.5 4.527693
248.31308 193.3121 2.9382102
276.16672 141.16664 2.2669024
218 197.5 4.527693
219 197.5 4.527693
205.81036 202.32762 9.191239
277 140.5 2.1213202
236.99973 200.49998 3.53551
220 197.5 4.527693
150.51436 165.85707 6.455856
175.9193 67.001526 22.924755
221 197.5 4.527693
276.75006 140.74997 2.1505706
222.00015 197.62505 4.4034505
237.99973 200.49998 3.53551
223 197.875 4.1551924
194.99622 190.53189 17.475372
224 198 4.031129
239 200.16667 3.2058928
255.36365 185.95454 3.6646514
254.39978 187.40039 3.764467
151.49985 164.50018 6.8007197
242.16667 199.16667 2.2669182
253.99988 188.0001 3.9051502
227.12502 199.12502 3.893102
253.54593 188.5448 3.969057
174.32768 67.66898 21.328352
252.83325 189.66678 4.249241
242.74997 198.75002 2.1505973
252.13678 190.1361 4.097334
172.62291 68.37588 19.623302
168.81818 70 15.8260765
251.9839 190.24191 4.0523787
250.05544 192.05563 3.2796156
249.49991 192.50009 3.2015765
148.96797 167.43628 5.77083
150.0101 166.25519 6.261194
171.08804 69.001205 18.09492
230.00009 200.50002 3.5355878
247.84782 193.67392 2.8531272
164.81804 72.00008 11.828613
204.17075 197.51222 11.922695
193.99829 189.7195 18.287336
163.09175 72.99949 10.104127
247.42827 194.42905 2.5998437
247.00017 194.9998 2.500058
246.5003 195.49963 2.4999757
246.5003 195.49963 2.50011
229.99973 200.49998 3.53551
166.73106 70.998116 13.740233
230.99973 200.49998 3.53551
147.41898 169.33777 4.7858896
148.61604 167.70538 5.6198163
246.00044 195.99948 2.5000427
246.00044 195.99948 2.5000427
245.49994 196.50008 2.5000243
245.49994 196.50008 2.500003
231.99973 200.49998 3.53551
245.00006 196.99992 2.499997
249.16669 192.83333 3.184165
245.00006 196.99992 2.5000243
232.99973 200.49998 3.53551
227.42397 73.40221 20.033024
250.9828 191.46547 3.57217
184.199 62.00072 17.808037
244.49956 197.50017 2.4997468
233.99973 200.49998 3.53551
243.83363 197.83316 2.2669485
252.7501 189.74988 4.257344
252.66667 189.83333 4.249183
243.25003 198.24997 2.1505885
241.49956 199.50017 2.5001678
234.99973 200.49998 3.53551
244.5 197.49998 2.5000153
241 199.66667 2.7131417
235.99973 200.49998 3.53551
193.23787 189.06519 18.936676
240.78572 199.78572 2.8003187
193.00594 188.90616 19.100233
205.49991 201.49973 9.552607
240.25 200 3.0103986
236.99973 200.49998 3.53551
190.58348 187.14882 20.939074
240 200 3.0413814
187.68901 189.09425 19.508326
238 200.5 3.535534
146.31522 170.27174 4.3212523
145.8334 171.16656 3.8909252
186.69429 190.04831 18.86712
206.39655 206.72414 7.6067576
206.25 207.75002 7.288682
246.19571 78.34782 16.031733
186.46951 190.31693 18.6831
185.99564 190.72458 18.28214
144.16669 172.83333 3.1841724
185.0003 191.53465 17.472511
184 192.30232 16.705162
233.33018 79.5 26.936605
182.99527 193.02655 15.981421
182.0003 193.69746 15.310692
181.85838 193.78662 15.2176
181.00256 194.45752 14.550985
206.42105 209.97368 6.5999665
206.1154 211.80763 6.1231427
179.45044 195.59023 13.450743
179.06897 196 13.078531
178.20259 197.0052 12.2128315
174.44954 201.73758 9.452525
236.80022 79.49999 24.232868
173.50502 67.99793 20.511166
206.04546 212 6.066095
205.77258 213.00066 5.7941403
173.89162 202.89067 8.999712
205.59834 213.95906 5.6171274
176.04474 66.952126 23.049204
173.54575 203.5394 8.785722
173.17285 204.17566 8.599589
232.975 76.12498 25.386814
247.96321 78.03589 14.551391
172.34618 205.4615 8.346265
238.25516 79.18366 22.942684
205.57895 214 5.601307
176.68753 66.687485 23.688272
205.4233 214.42256 5.423799
177.32814 66.328125 24.328732
205.16667 215 5.1908
177.59598 66.40726 24.404198
205.12492 215.12523 5.138579
232.00174 66.50556 16.51308
204.8331 215.83386 4.8446455
204.75 216 4.776243
204.54584 216.54451 4.5461507
177 66 24.005207
204.33333 217 4.3620877
172.125 209.87503 6.9033303
172.16705 205.9987 8.182265
204.24985 217.25038 4.257154
178.13991 66.00224 23.865284
203.92839 218.00052 3.9600167
233.00232 69.84154 19.847824
203.64285 219 3.6770065
171.9 207 7.915801
233.81252 72.81257 22.814707
182.79095 63.006268 19.21539
233.87204 73.34849 23.310587
203.5 220.00008 3.5355446
171.76317 207.6842 7.765353
185.24342 61.20953 16.759096
234.68065 72.41051 22.187231
172.5303 212.01517 5.667649
203.5 220 3.535534
237.86267 68.31949 17.519138
203.37491 220.37524 3.3771818
176 65 23.005434
238.54659 67.31385 16.430386
203.0624 221.0627 3.11369
241.44693 64.026855 12.408323
173.90906 215.99994 3.1311023
242.7498 62.250275 10.398652
181.32303 63.99802 20.683027
202.03847 222.7692 3.0503688
201.83333 224 3.2058928
174.33333 217 2.7131333
179.76 65 22.245623
175 64 22.005682
201.5 225 3.535534
171.863 209.0822 7.276443
188.451 57.696533 12.739794
174.75 218 2.304886
171.87495 209.12482 7.2565517
173.89972 62.89969 20.903465
172.12498 209.87485 6.9034414
218 229 4.031129
219 229 4.031129
220 229 4.031129
201.5 225.00008 3.5355446
175.16667 219 1.9002955
172.25008 210.75038 6.373577
221 229 4.031129
222 229 4.031129
201.16667 227.33334 4.2491937
172.41664 211.58322 5.9032087
223 229 4.031129
205 229.5 3.535534
172.55556 212.44444 5.3934712
224 229 4.031129
178.22585 65.93545 23.778137
225 229 4.031129
172.65518 213.2414 4.896822
228 229 4.031129
175.5 220 1.5811388
173.92867 216.07175 3.1010604
232 228.5 4.527693
174.21428 216.7857 2.8003283
174.49997 217.49995 2.500003
208 229.5 3.535534
209 229.5 3.535534
209 229.5 3.535534
210 229.5 3.535534
210 229.5 3.535534
211 229.5 3.535534
212 229.5 3.535534
213 229.5 3.535534
214 229.5 3.535534
174.79997 218.19994 2.2203755
175.5 221 1.5811388
175.09999 218.89998 1.9416534
203.99973 229.35709 3.6771042
175.5 222 1.5811388
175.5 221 1.5811388
235.86363 228.5 5.5120077
175.5 223 1.5811388
174 63 21.00595
175.5 222 1.5811388
177.58539 66.40245 24.4026
202 228.66667 4.362079
175.16667 224 1.9002955
175.10004 224.09995 1.9416479
237.37505 229.37503 4.626672
174.79999 224.80002 2.220368
174.75 225 2.304886
172.43744 60.970142 18.970318
174.50006 225.49983 2.4999022
227 229 4.031129
176.99634 65.99626 24.001547
174.33333 226 2.7131333
226 229 4.031129
174.21439 226.21408 2.8002818
175.99472 64.99459 23.000141
172.4451 60.98168 18.981762
175.00266 64.00273 22.00835
173.9287 226.92819 3.100965
217.16667 229 4.0138645
174.00612 63.006287 21.012093
208 229.5 3.535534
207 229.5 3.535534
211 229.5 3.535534
207 229.5 3.535534
212 229.5 3.535534
206 229.5 3.535534
206 229.5 3.535534
213 229.5 3.535534
214 229.5 3.535534
202.99994 229.07141 3.9602869
215 229.5 3.535534
173.909 227.00026 3.1311822
202.24971 228.7499 4.2574987
216 229.35715 3.6770065
201.29204 228.33626 4.668334
201 228.53847 4.4894624
216.99973 229.07153 3.9601233
173.00041 61.6902 19.696539
199 229.77777 3.2607913
200 229.07692 3.954815
218 229 4.031129
219 229 4.031129
199.80434 229.15218 3.8598409
173.625 227.625 3.377314
220 229 4.031129
221 229 4.031129
231.33353 228.49998 4.5030937
222 229 4.031129
223 229 4.031129
224 229 4.031129
173.37506 228.37477 3.7289708
172.16669 60.50004 18.503044
225 229 4.031129
171.99998 60.090878 18.097784
226 229 4.031129
171.92473 59.91965 17.924599
171.2171 58.221226 16.223764
227 229 4.031129
171.00119 57.66958 15.677553
228 229 4.031129
235.66667 228.5 5.502525
170.0002 55.333755 13.343134
173.99974 229.4544 3.5806386
229 229 4.031129
169.00024 53.222725 11.233847
230 228.875 4.1551924
231.00029 228.62491 4.4036026
175.07167 229.92865 3.1010735
234.57143 228.78572 5.2147684
176.44444 230.38889 2.6117055
175.99986 230.29996 2.745923
175 229.90909 3.1310918
173.23781 228.96951 4.0390043
234.99992 228.70003 5.3234982
236.00005 228.60004 5.4230666
173.05042 229.0498 3.9756668
173 229.07692 3.954809
237 229.2 4.8259745
155.5447 227.45422 4.545996
172.33266 229.33362 3.6702425
171.99995 229.50002 3.5355122
155.56895 227.46552 4.5350175
169 229.5 2.5495098
169 229.5 2.5495098
168 229.5 2.5495098
168 229.5 2.5495098
155.99974 227.818 4.2118216
158.99986 229.29996 2.7459452
167 229.5 2.5495098
167 229.5 2.5495098
162 229.5 2.5495098
166 229.5 2.5495098
158.0715 228.9286 3.1011472
166 229.5 2.5495098
165 229.5 2.5495098
160 229.5 2.5495098
165 229.5 2.5495098
164 229.5 2.5495098
161 229.5 2.5495098
164 229.5 2.5495098
163 229.5 2.5495098
161 229.5 2.5495098
163 229.5 2.5495098
158 228.90909 3.1310868
162 229.5 2.5495098
156.99974 228.4544 3.5806386
155.52646 227.44739 4.552689
155 227.38889 4.6381435
153.99991 227.16664 4.8591614
153.5 227 5
153 227 5.0249376
153 227 5.0249376
152 227 5.0249376
152 227 5.0249376
151 227 5.0249376
151 227 5.0249376
150 227 5.0249376
150 227 5.0249376
149 227 5.0249376
149 227 5.0249376
148 227 5.0249376
148 227 5.0249376
147 227 5.0249376
147 227 5.0249376
143 227 5.0249376
146 227 5.0249376
146 227 5.0249376
145 227 5.0249376
145 227 5.0249376
144 227 5.0249376
144 227 5.0249376
143 227 5.0249376
142 227 5.0249376
142 227 5.0249376
141 227 5.0249376
140.51608 227.0484 5.0484085
139.50008 227.49995 4.92448
138.62498 228.37502 4.626673
