%points
61 7
62 7
63 7
64 7
65 7
66 7
67 7
68 7
69 7
70 7
71 7
72 7
73 7
74 7
75 7
76 7
77 7
78 7
78 8
79 8
80 8
81 8
82 8
83 8
83 9
84 9
85 9
86 9
87 9
87 10
88 10
89 10
90 10
90 11
91 11
92 11
93 11
93 12
94 12
95 12
95 13
96 13
97 13
97 14
98 14
99 14
100 14
100 15
101 15
102 15
102 16
103 16
103 17
104 17
105 17
105 18
106 18
107 18
107 19
108 19
108 20
109 20
109 21
110 21
111 21
111 22
112 22
112 23
113 23
113 24
114 24
114 25
115 25
115 26
116 26
116 27
117 27
117 28
118 28
118 29
119 29
119 30
120 30
120 31
121 31
121 32
121 33
122 33
122 34
123 34
123 35
123 36
124 36
124 37
125 37
125 38
125 39
126 39
126 40
126 41
127 41
127 42
127 43
128 43
128 44
128 45
129 45
129 46
129 47
130 47
130 48
130 49
130 50
131 50
131 51
131 52
131 53
132 53
132 54
132 55
132 56
132 57
133 57
133 58
133 59
133 60
133 61
133 62
134 62
134 63
134 64
134 65
134 66
134 67
134 68
134 69
134 70
134 71
134 72
134 73
134 74
134 75
134 76
134 77
134 78
134 79
134 80
134 81
133 81
133 82
133 83
133 84
133 85
133 86
132 86
132 87
132 88
132 89
132 90
131 90
131 91
131 92
131 93
130 93
130 94
130 95
129 95
129 96
129 97
128 97
128 98
128 99
127 99
127 100
127 101
126 101
126 102
126 103
125 103
125 104
125 105
124 105
124 106
123 106
123 107
123 108
122 108
122 109
121 109
121 110
121 111
120 111
120 112
119 112
119 113
118 113
118 114
117 114
117 115
116 115
116 116
115 116
115 117
114 117
114 118
113 118
113 119
112 119
112 120
111 120
111 121
110 121
110 122
109 122
109 123
108 123
108 124
107 124
106 124
106 125
105 125
105 126
104 126
103 126
103 127
102 127
101 127
101 128
100 128
100 129
99 129
98 129
97 129
97 130
96 130
95 130
95 131
94 131
93 131
93 132
92 132
91 132
90 132
90 133
89 133
88 133
87 133
87 134
86 134
85 134
84 134
83 134
83 135
82 135
81 135
80 135
79 135
78 135
77 135
76 135
76 136
75 136
74 136
73 136
72 136
71 136
70 136
69 136
68 136
67 136
66 136
65 136
64 136
63 136
63 135
62 135
61 135
60 135
59 135
58 135
57 135
57 134
56 134
55 134
54 134
53 134
53 133
52 133
51 133
50 133
49 133
49 132
48 132
47 132
46 132
46 131
45 131
44 131
44 130
43 130
42 130
42 129
41 129
40 129
40 128
39 128
39 127
38 127
37 127
37 126
36 126
35 126
35 125
34 125
34 124
33 124
33 123
32 123
31 123
31 122
30 122
30 121
29 121
29 120
28 120
28 119
27 119
27 118
26 118
26 117
25 117
25 116
24 116
24 115
23 115
23 114
22 114
22 113
21 113
21 112
20 112
20 111
19 111
19 110
18 110
18 109
18 108
17 108
17 107
16 107
16 106
16 105
15 105
15 104
15 103
14 103
14 102
13 102
13 101
13 100
13 99
12 99
12 98
12 97
11 97
11 96
11 95
10 95
10 94
10 93
10 92
9 92
9 91
9 90
9 89
8 89
8 88
8 87
8 86
7 86
7 85
7 84
7 83
7 82
7 81
7 80
6 80
6 79
6 78
6 77
6 76
6 75
6 74
6 73
6 72
6 71
6 70
6 69
6 68
6 67
6 66
6 65
6 64
6 63
6 62
6 61
6 60
7 60
7 59
7 58
7 57
7 56
8 56
8 55
8 54
8 53
8 52
9 52
9 51
9 50
9 49
10 49
10 48
10 47
11 47
11 46
11 45
11 44
12 44
12 43
12 42
13 42
13 41
13 40
14 40
14 39
15 39
15 38
15 37
16 37
16 36
17 36
17 35
17 34
18 34
18 33
19 33
19 32
20 32
20 31
20 30
21 30
21 29
22 29
22 28
23 28
23 27
24 27
24 26
25 26
25 25
26 25
26 24
27 24
27 23
28 23
28 22
29 22
30 22
30 21
31 21
31 20
32 20
32 19
33 19
33 18
34 18
35 18
35 17
36 17
37 17
37 16
38 16
38 15
39 15
40 15
40 14
41 14
42 14
42 13
43 13
44 13
44 12
45 12
46 12
46 11
47 11
48 11
49 11
49 10
50 10
51 10
52 10
52 9
53 9
54 9
55 9
56 9
56 8
57 8
58 8
59 8
60 8
61 8
47 25
47 26
46 26
45 26
45 27
44 27
43 27
43 28
42 28
42 29
41 29
41 30
40 30
40 31
39 31
39 32
39 33
39 34
38 34
38 35
38 36
38 37
38 38
38 39
38 40
38 41
38 42
39 42
39 43
39 44
40 44
40 45
40 46
41 46
41 47
42 47
42 48
43 48
43 49
44 49
45 49
45 50
46 50
47 50
47 51
48 51
49 51
50 51
51 51
52 51
53 51
54 51
54 50
55 50
56 50
57 50
57 49
58 49
58 48
59 48
59 47
60 47
60 46
61 46
61 45
62 45
62 44
62 43
63 43
63 42
63 41
63 40
64 40
64 39
64 38
64 37
64 36
64 35
64 34
63 34
63 33
63 32
62 32
62 31
61 31
61 30
61 29
60 29
60 28
59 28
59 27
58 27
57 27
57 26
56 26
55 26
54 26
54 25
53 25
52 25
51 25
50 25
49 25
48 25
86 25
86 26
85 26
84 26
83 26
83 27
82 27
81 27
81 28
80 28
80 29
79 29
79 30
78 30
78 31
78 32
77 32
77 33
77 34
77 35
77 36
76 36
76 37
76 38
76 39
76 40
76 41
77 41
77 42
77 43
78 43
78 44
78 45
79 45
79 46
80 46
80 47
81 47
81 48
82 48
82 49
83 49
83 50
84 50
85 50
85 51
86 51
87 51
88 51
89 51
90 51
91 51
92 51
93 51
93 50
94 50
95 50
95 49
96 49
97 49
97 48
98 48
98 47
99 47
99 46
100 46
100 45
100 44
101 44
101 43
101 42
102 42
102 41
102 40
102 39
102 38
102 37
102 36
102 35
102 34
101 34
101 33
101 32
100 32
100 31
100 30
99 30
99 29
98 29
98 28
97 28
97 27
96 27
95 27
95 26
94 26
93 26
92 26
92 25
91 25
90 25
89 25
88 25
87 25
29 58
29 59
28 59
27 59
26 59
26 60
25 60
24 60
24 61
23 61
22 61
22 62
22 63
21 63
21 64
20 64
20 65
19 65
19 66
19 67
19 68
19 69
19 70
19 71
19 72
19 73
19 74
19 75
19 76
20 76
20 77
20 78
21 78
21 79
22 79
22 80
23 80
23 81
24 81
24 82
25 82
25 83
26 83
27 83
27 84
28 84
29 84
30 84
30 85
31 85
32 85
33 85
33 84
34 84
35 84
36 84
37 84
37 83
38 83
39 83
39 82
40 82
40 81
41 81
41 80
42 80
42 79
42 78
43 78
43 77
43 76
44 76
44 75
44 74
44 73
44 72
44 71
44 70
44 69
44 68
44 67
44 66
43 66
43 65
43 64
42 64
42 63
41 63
41 62
40 62
40 61
39 61
39 60
38 60
37 60
37 59
36 59
35 59
34 59
34 58
33 58
32 58
31 58
30 58
67 58
67 59
66 59
65 59
64 59
64 60
63 60
62 60
62 61
61 61
61 62
60 62
60 63
59 63
59 64
58 64
58 65
58 66
58 67
57 67
57 68
57 69
57 70
57 71
57 72
57 73
57 74
57 75
58 75
58 76
58 77
59 77
59 78
59 79
60 79
60 80
61 80
61 81
62 81
62 82
63 82
63 83
64 83
65 83
65 84
66 84
67 84
68 84
69 84
70 84
71 84
72 84
73 84
74 84
74 83
75 83
76 83
77 83
77 82
78 82
78 81
79 81
79 80
80 80
80 79
81 79
81 78
82 78
82 77
82 76
82 75
83 75
83 74
83 73
83 72
83 71
83 70
83 69
83 68
83 67
82 67
82 66
82 65
81 65
81 64
80 64
80 63
80 62
79 62
79 61
78 61
77 61
77 60
76 60
75 60
75 59
74 59
73 59
72 59
72 58
71 58
70 58
69 58
68 58
105 58
105 59
104 59
103 59
102 59
102 60
101 60
101 61
100 61
100 62
99 62
99 63
98 63
98 64
97 64
97 65
97 66
97 67
96 67
96 68
96 69
96 70
95 70
95 71
95 72
95 73
96 73
96 74
96 75
96 76
97 76
97 77
97 78
98 78
98 79
99 79
99 80
99 81
100 81
101 81
101 82
102 82
102 83
103 83
103 84
104 84
105 84
106 84
107 84
108 84
108 85
109 85
109 84
110 84
111 84
112 84
113 84
113 83
114 83
115 83
115 82
116 82
116 81
117 81
117 80
118 80
118 79
119 79
119 78
120 78
120 77
120 76
121 76
121 75
121 74
121 73
122 73
122 72
122 71
122 70
122 69
121 69
121 68
121 67
121 66
120 66
120 65
120 64
119 64
119 63
118 63
118 62
117 62
117 61
116 61
116 60
115 60
115 59
114 59
113 59
112 59
111 59
111 58
110 58
109 58
108 58
107 58
106 58
45 92
45 93
44 93
44 94
43 94
42 94
42 95
41 95
41 96
40 96
40 97
39 97
39 98
39 99
38 99
38 100
38 101
37 101
37 102
37 103
37 104
37 105
37 106
38 106
38 107
38 108
38 109
38 110
39 110
39 111
39 112
40 112
40 113
41 113
41 114
42 114
42 115
43 115
44 115
44 116
45 116
45 117
46 117
47 117
47 118
48 118
49 118
50 118
51 118
52 118
53 118
54 118
55 118
55 117
56 117
57 117
57 116
58 116
58 115
59 115
59 114
60 114
60 113
61 113
61 112
62 112
62 111
63 111
63 110
63 109
64 109
64 108
64 107
64 106
64 105
64 104
64 103
64 102
64 101
63 101
63 100
63 99
62 99
62 98
62 97
61 97
61 96
60 96
60 95
59 95
59 94
58 94
57 94
57 93
56 93
55 93
55 92
54 92
53 92
52 92
51 92
50 92
49 92
48 92
47 92
46 92
84 92
84 93
83 93
82 93
82 94
81 94
81 95
80 95
80 96
79 96
79 97
78 97
78 98
77 98
77 99
77 100
77 101
76 101
76 102
76 103
76 104
76 105
76 106
76 107
76 108
77 108
77 109
77 110
77 111
78 111
78 112
78 113
79 113
79 114
80 114
80 115
81 115
82 115
82 116
83 116
83 117
84 117
85 117
85 118
86 118
87 118
88 118
89 118
90 118
91 118
92 118
92 117
93 117
94 117
95 117
95 116
96 116
97 116
97 115
98 115
98 114
99 114
99 113
100 113
100 112
101 112
101 111
101 110
102 110
102 109
102 108
102 107
103 107
103 106
103 105
103 104
103 103
102 103
102 102
102 101
102 100
102 99
101 99
101 98
101 97
100 97
100 96
99 96
99 95
98 95
98 94
97 94
96 94
96 93
95 93
94 93
94 92
93 92
92 92
91 92
90 92
89 92
88 92
87 92
86 92
85 92

%edges
0 1
1 2
2 3
3 4
4 5
5 6
6 7
7 8
8 9
9 10
10 11
11 12
12 13
13 14
14 15
15 16
16 17
17 18
18 19
19 20
20 21
21 22
22 23
23 24
24 25
25 26
26 27
27 28
28 29
29 30
30 31
31 32
32 33
33 34
34 35
35 36
36 37
37 38
38 39
39 40
40 41
41 42
42 43
43 44
44 45
45 46
46 47
47 48
48 49
49 50
50 51
51 52
52 53
53 54
54 55
55 56
56 57
57 58
58 59
59 60
60 61
61 62
62 63
63 64
64 65
65 66
66 67
67 68
68 69
69 70
70 71
71 72
72 73
73 74
74 75
75 76
76 77
77 78
78 79
79 80
80 81
81 82
82 83
83 84
84 85
85 86
86 87
87 88
88 89
89 90
90 91
91 92
92 93
93 94
94 95
95 96
96 97
97 98
98 99
99 100
100 101
101 102
102 103
103 104
104 105
105 106
106 107
107 108
108 109
109 110
110 111
111 112
112 113
113 114
114 115
115 116
116 117
117 118
118 119
119 120
120 121
121 122
122 123
123 124
124 125
125 126
126 127
127 128
128 129
129 130
130 131
131 132
132 133
133 134
134 135
135 136
136 137
137 138
138 139
139 140
140 141
141 142
142 143
143 144
144 145
145 146
146 147
147 148
148 149
149 150
150 151
151 152
152 153
153 154
154 155
155 156
156 157
157 158
158 159
159 160
160 161
161 162
162 163
163 164
164 165
165 166
166 167
167 168
168 169
169 170
170 171
171 172
172 173
173 174
174 175
175 176
176 177
177 178
178 179
179 180
180 181
181 182
182 183
183 184
184 185
185 186
186 187
187 188
188 189
189 190
190 191
191 192
192 193
193 194
194 195
195 196
196 197
197 198
198 199
199 200
200 201
201 202
202 203
203 204
204 205
205 206
206 207
207 208
208 209
209 210
210 211
211 212
212 213
213 214
214 215
215 216
216 217
217 218
218 219
219 220
220 221
221 222
222 223
223 224
224 225
225 226
226 227
227 228
228 229
229 230
230 231
231 232
232 233
233 234
234 235
235 236
236 237
237 238
238 239
239 240
240 241
241 242
242 243
243 244
244 245
245 246
246 247
247 248
248 249
249 250
250 251
251 252
252 253
253 254
254 255
255 256
256 257
257 258
258 259
259 260
260 261
261 262
262 263
263 264
264 265
265 266
266 267
267 268
268 269
269 270
270 271
271 272
272 273
273 274
274 275
275 276
276 277
277 278
278 279
279 280
280 281
281 282
282 283
283 284
284 285
285 286
286 287
287 288
288 289
289 290
290 291
291 292
292 293
293 294
294 295
295 296
296 297
297 298
298 299
299 300
300 301
301 302
302 303
303 304
304 305
305 306
306 307
307 308
308 309
309 310
310 311
311 312
312 313
313 314
314 315
315 316
316 317
317 318
318 319
319 320
320 321
321 322
322 323
323 324
324 325
325 326
326 327
327 328
328 329
329 330
330 331
331 332
332 333
333 334
334 335
335 336
336 337
337 338
338 339
339 340
340 341
341 342
342 343
343 344
344 345
345 346
346 347
347 348
348 349
349 350
350 351
351 352
352 353
353 354
354 355
355 356
356 357
357 358
358 359
359 360
360 361
361 362
362 363
363 364
364 365
365 366
366 367
367 368
368 369
369 370
370 371
371 372
372 373
373 374
374 375
375 376
376 377
377 378
378 379
379 380
380 381
381 382
382 383
383 384
384 385
385 386
386 387
387 388
388 389
389 390
390 391
391 392
392 393
393 394
394 395
395 396
396 397
397 398
398 399
399 400
400 401
401 402
402 403
403 404
404 405
405 406
406 407
407 408
408 409
409 410
410 411
411 412
412 413
413 414
414 415
415 416
416 417
417 418
418 419
419 420
420 421
421 422
422 423
423 424
424 425
425 426
426 427
427 428
428 429
429 430
430 431
431 432
432 433
433 434
434 435
435 436
436 437
437 438
438 439
439 440
440 441
441 442
442 443
443 444
444 445
445 446
446 447
447 448
448 449
449 450
450 451
451 452
452 453
453 454
454 455
455 456
456 457
457 458
458 459
459 460
460 461
461 462
462 463
463 464
464 465
465 466
466 467
467 468
468 469
469 470
470 471
471 472
472 473
473 474
474 475
475 476
476 477
477 478
478 479
479 480
480 481
481 482
482 483
483 484
484 485
485 486
486 487
487 488
488 489
489 490
490 491
491 492
492 493
493 494
494 495
495 496
496 497
497 498
498 499
499 500
500 501
501 502
502 503
503 504
504 505
505 506
506 507
507 508
508 509
509 510
510 511
511 512
512 513
513 0
514 515
515 516
516 517
517 518
518 519
519 520
520 521
521 522
522 523
523 524
524 525
525 526
526 527
527 528
528 529
529 530
530 531
531 532
532 533
533 534
534 535
535 536
536 537
537 538
538 539
539 540
540 541
541 542
542 543
543 544
544 545
545 546
546 547
547 548
548 549
549 550
550 551
551 552
552 553
553 554
554 555
555 556
556 557
557 558
558 559
559 560
560 561
561 562
562 563
563 564
564 565
565 566
566 567
567 568
568 569
569 570
570 571
571 572
572 573
573 574
574 575
575 576
576 577
577 578
578 579
579 580
580 581
581 582
582 583
583 584
584 585
585 586
586 587
587 588
588 589
589 590
590 591
591 592
592 593
593 594
594 595
595 596
596 597
597 598
598 599
599 600
600 601
601 602
602 603
603 604
604 605
605 606
606 607
607 608
608 609
609 610
610 611
611 612
612 613
613 614
614 615
615 616
616 617
617 514
618 619
619 620
620 621
621 622
622 623
623 624
624 625
625 626
626 627
627 628
628 629
629 630
630 631
631 632
632 633
633 634
634 635
635 636
636 637
637 638
638 639
639 640
640 641
641 642
642 643
643 644
644 645
645 646
646 647
647 648
648 649
649 650
650 651
651 652
652 653
653 654
654 655
655 656
656 657
657 658
658 659
659 660
660 661
661 662
662 663
663 664
664 665
665 666
666 667
667 668
668 669
669 670
670 671
671 672
672 673
673 674
674 675
675 676
676 677
677 678
678 679
679 680
680 681
681 682
682 683
683 684
684 685
685 686
686 687
687 688
688 689
689 690
690 691
691 692
692 693
693 694
694 695
695 696
696 697
697 698
698 699
699 700
700 701
701 702
702 703
703 704
704 705
705 706
706 707
707 708
708 709
709 710
710 711
711 712
712 713
713 714
714 715
715 716
716 717
717 718
718 719
719 720
720 721
721 618
722 723
723 724
724 725
725 726
726 727
727 728
728 729
729 730
730 731
731 732
732 733
733 734
734 735
735 736
736 737
737 738
738 739
739 740
740 741
741 742
742 743
743 744
744 745
745 746
746 747
747 748
748 749
749 750
750 751
751 752
752 753
753 754
754 755
755 756
756 757
757 758
758 759
759 760
760 761
761 762
762 763
763 764
764 765
765 766
766 767
767 768
768 769
769 770
770 771
771 772
772 773
773 774
774 775
775 776
776 777
777 778
778 779
779 780
780 781
781 782
782 783
783 784
784 785
785 786
786 787
787 788
788 789
789 790
790 791
791 792
792 793
793 794
794 795
795 796
796 797
797 798
798 799
799 800
800 801
801 802
802 803
803 804
804 805
805 806
806 807
807 808
808 809
809 810
810 811
811 812
812 813
813 814
814 815
815 816
816 817
817 818
818 819
819 820
820 821
821 822
822 823
823 824
824 825
825 722
826 827
827 828
828 829
829 830
830 831
831 832
832 833
833 834
834 835
835 836
836 837
837 838
838 839
839 840
840 841
841 842
842 843
843 844
844 845
845 846
846 847
847 848
848 849
849 850
850 851
851 852
852 853
853 854
854 855
855 856
856 857
857 858
858 859
859 860
860 861
861 862
862 863
863 864
864 865
865 866
866 867
867 868
868 869
869 870
870 871
871 872
872 873
873 874
874 875
875 876
876 877
877 878
878 879
879 880
880 881
881 882
882 883
883 884
884 885
885 886
886 887
887 888
888 889
889 890
890 891
891 892
892 893
893 894
894 895
895 896
896 897
897 898
898 899
899 900
900 901
901 902
902 903
903 904
904 905
905 906
906 907
907 908
908 909
909 910
910 911
911 912
912 913
913 914
914 915
915 916
916 917
917 918
918 919
919 920
920 921
921 922
922 923
923 924
924 925
925 926
926 927
927 928
928 929
929 826
930 931
931 932
932 933
933 934
934 935
935 936
936 937
937 938
938 939
939 940
940 941
941 942
942 943
943 944
944 945
945 946
946 947
947 948
948 949
949 950
950 951
951 952
952 953
953 954
954 955
955 956
956 957
957 958
958 959
959 960
960 961
961 962
962 963
963 964
964 965
965 966
966 967
967 968
968 969
969 970
970 971
971 972
972 973
973 974
974 975
975 976
976 977
977 978
978 979
979 980
980 981
981 982
982 983
983 984
984 985
985 986
986 987
987 988
988 989
989 990
990 991
991 992
992 993
993 994
994 995
995 996
996 997
997 998
998 999
999 1000
1000 1001
1001 1002
1002 1003
1003 1004
1004 1005
1005 1006
1006 1007
1007 1008
1008 1009
1009 1010
1010 1011
1011 1012
1012 1013
1013 1014
1014 1015
1015 1016
1016 1017
1017 1018
1018 1019
1019 1020
1020 1021
1021 1022
1022 1023
1023 1024
1024 1025
1025 1026
1026 1027
1027 1028
1028 1029
1029 1030
1030 1031
1031 1032
1032 1033
1033 1034
1034 1035
1035 1036
1036 1037
1037 930
1038 1039
1039 1040
1040 1041
1041 1042
1042 1043
1043 1044
1044 1045
1045 1046
1046 1047
1047 1048
1048 1049
1049 1050
1050 1051
1051 1052
1052 1053
1053 1054
1054 1055
1055 1056
1056 1057
1057 1058
1058 1059
1059 1060
1060 1061
1061 1062
1062 1063
1063 1064
1064 1065
1065 1066
1066 1067
1067 1068
1068 1069
1069 1070
1070 1071
1071 1072
1072 1073
1073 1074
1074 1075
1075 1076
1076 1077
1077 1078
1078 1079
1079 1080
1080 1081
1081 1082
1082 1083
1083 1084
1084 1085
1085 1086
1086 1087
1087 1088
1088 1089
1089 1090
1090 1091
1091 1092
1092 1093
1093 1094
1094 1095
1095 1096
1096 1097
1097 1098
1098 1099
1099 1100
1100 1101
1101 1102
1102 1103
1103 1104
1104 1105
1105 1106
1106 1107
1107 1108
1108 1109
1109 1110
1110 1111
1111 1112
1112 1113
1113 1114
1114 1115
1115 1116
1116 1117
1117 1118
1118 1119
1119 1120
1120 1121
1121 1122
1122 1123
1123 1124
1124 1125
1125 1126
1126 1127
1127 1128
1128 1129
1129 1130
1130 1131
1131 1132
1132 1133
1133 1134
1134 1135
1135 1136
1136 1137
1137 1138
1138 1139
1139 1140
1140 1141
1141 1142
1142 1143
1143 1038
1144 1145
1145 1146
1146 1147
1147 1148
1148 1149
1149 1150
1150 1151
1151 1152
1152 1153
1153 1154
1154 1155
1155 1156
1156 1157
1157 1158
1158 1159
1159 1160
1160 1161
1161 1162
1162 1163
1163 1164
1164 1165
1165 1166
1166 1167
1167 1168
1168 1169
1169 1170
1170 1171
1171 1172
1172 1173
1173 1174
1174 1175
1175 1176
1176 1177
1177 1178
1178 1179
1179 1180
1180 1181
1181 1182
1182 1183
1183 1184
1184 1185
1185 1186
1186 1187
1187 1188
1188 1189
1189 1190
1190 1191
1191 1192
1192 1193
1193 1194
1194 1195
1195 1196
1196 1197
1197 1198
1198 1199
1199 1200
1200 1201
1201 1202
1202 1203
1203 1204
1204 1205
1205 1206
1206 1207
1207 1208
1208 1209
1209 1210
1210 1211
1211 1212
1212 1213
1213 1214
1214 1215
1215 1216
1216 1217
1217 1218
1218 1219
1219 1220
1220 1221
1221 1222
1222 1223
1223 1224
1224 1225
1225 1226
1226 1227
1227 1228
1228 1229
1229 1230
1230 1231
1231 1232
1232 1233
1233 1234
1234 1235
1235 1236
1236 1237
1237 1238
1238 1239
1239 1240
1240 1241
1241 1242
1242 1243
1243 1244
1244 1245
1245 1246
1246 1247
1247 1248
1248 1249
1249 1144
