0 : 453, 455, 533, 
1 : 455, 532, 533, 
2 : 453, 533, 534, 
3 : 455, 457, 532, 
4 : 448, 453, 534, 
5 : 457, 459, 532, 
6 : 448, 534, 535, 
7 : 459, 461, 532, 
8 : 448, 535, 536, 
9 : 461, 528, 532, 
10 : 448, 536, 537, 
11 : 461, 463, 528, 
12 : 448, 537, 538, 
13 : 463, 468, 528, 
14 : 446, 448, 538, 
15 : 468, 470, 526, 528, 
16 : 446, 538, 539, 
17 : 470, 472, 524, 526, 
18 : 441, 446, 539, 
19 : 472, 477, 524, 
20 : 441, 539, 540, 
21 : 477, 522, 524, 
22 : 436, 441, 540, 
23 : 477, 520, 522, 
24 : 436, 540, 722, 
25 : 477, 480, 520, 
26 : 540, 543, 722, 
27 : 431, 436, 722, 
28 : 480, 517, 520, 
29 : 543, 825, 722, 
30 : 431, 722, 726, 
31 : 480, 485, 517, 
32 : 543, 824, 825, 
33 : 428, 431, 726, 
34 : 485, 514, 517, 
35 : 543, 546, 823, 824, 
36 : 424, 428, 726, 
37 : 485, 488, 514, 
38 : 546, 822, 823, 
39 : 424, 726, 729, 
40 : 488, 491, 514, 
41 : 546, 821, 822, 
42 : 421, 424, 729, 732, 
43 : 491, 617, 514, 
44 : 546, 548, 821, 
45 : 417, 421, 732, 
46 : 491, 494, 617, 
47 : 548, 550, 821, 
48 : 417, 732, 412, 
49 : 494, 616, 617, 
50 : 550, 817, 821, 
51 : 412, 732, 737, 
52 : 494, 615, 616, 
53 : 550, 552, 817, 
54 : 412, 737, 739, 
55 : 494, 498, 615, 
56 : 552, 814, 817, 
57 : 412, 739, 407, 
58 : 498, 614, 615, 
59 : 552, 555, 814, 
60 : 407, 739, 402, 
61 : 498, 613, 614, 
62 : 555, 558, 814, 
63 : 402, 739, 401, 
64 : 498, 612, 613, 
65 : 558, 812, 814, 
66 : 401, 739, 740, 400, 
67 : 498, 502, 612, 
68 : 558, 810, 812, 
69 : 400, 740, 741, 399, 
70 : 502, 611, 612, 
71 : 558, 808, 810, 
72 : 399, 741, 742, 398, 
73 : 502, 507, 611, 
74 : 558, 559, 808, 
75 : 398, 742, 743, 397, 
76 : 507, 607, 611, 
77 : 559, 806, 808, 
78 : 397, 743, 744, 396, 
79 : 507, 512, 607, 
80 : 559, 560, 806, 
81 : 396, 744, 745, 395, 
82 : 512, 513, 607, 
83 : 560, 561, 806, 
84 : 395, 745, 746, 394, 
85 : 513, 604, 607, 
86 : 561, 562, 841, 806, 
87 : 394, 746, 747, 393, 
88 : 513, 5, 604, 
89 : 562, 563, 841, 
90 : 841, 803, 806, 
91 : 393, 747, 748, 392, 
92 : 5, 6, 604, 
93 : 563, 564, 841, 
94 : 841, 845, 803, 
95 : 392, 748, 749, 391, 
96 : 6, 7, 604, 
97 : 564, 839, 841, 
98 : 803, 845, 802, 
99 : 391, 749, 750, 390, 
100 : 7, 602, 604, 
101 : 564, 565, 839, 
102 : 802, 845, 846, 801, 
103 : 390, 750, 385, 389, 
104 : 7, 8, 602, 
105 : 565, 837, 839, 
106 : 801, 846, 847, 800, 
107 : 750, 753, 385, 
108 : 8, 600, 602, 
109 : 565, 835, 837, 
110 : 800, 847, 848, 799, 
111 : 385, 753, 384, 
112 : 8, 9, 600, 
113 : 565, 833, 835, 
114 : 799, 848, 849, 798, 
115 : 384, 753, 383, 
116 : 9, 629, 600, 
117 : 565, 569, 833, 
118 : 798, 849, 850, 797, 
119 : 383, 753, 378, 
120 : 9, 10, 629, 
121 : 629, 631, 600, 
122 : 569, 830, 833, 
123 : 797, 850, 851, 796, 
124 : 753, 755, 378, 
125 : 10, 627, 629, 
126 : 631, 595, 600, 
127 : 569, 571, 830, 
128 : 796, 851, 852, 795, 
129 : 755, 374, 378, 
130 : 10, 11, 627, 
131 : 631, 634, 595, 
132 : 571, 573, 830, 
133 : 795, 852, 853, 794, 
134 : 755, 757, 374, 
135 : 11, 625, 627, 
136 : 634, 592, 595, 
137 : 573, 826, 830, 
138 : 794, 853, 793, 
139 : 757, 759, 374, 
140 : 11, 12, 625, 
141 : 634, 639, 592, 
142 : 573, 575, 826, 
143 : 793, 853, 856, 
144 : 759, 761, 374, 
145 : 12, 18, 625, 
146 : 592, 639, 591, 
147 : 575, 577, 826, 
148 : 790, 793, 856, 
149 : 761, 370, 374, 
150 : 18, 622, 625, 
151 : 591, 639, 590, 
152 : 577, 579, 826, 
153 : 790, 856, 859, 
154 : 761, 763, 370, 
155 : 18, 19, 622, 
156 : 590, 639, 640, 589, 
157 : 579, 929, 826, 
158 : 790, 859, 1138, 
159 : 763, 366, 370, 
160 : 19, 24, 622, 
161 : 589, 640, 641, 588, 
162 : 579, 928, 929, 
163 : 859, 1137, 1138, 
164 : 787, 790, 1138, 1139, 
165 : 763, 363, 366, 
166 : 24, 618, 622, 
167 : 588, 641, 642, 587, 
168 : 579, 927, 928, 
169 : 859, 1136, 1137, 
170 : 787, 1139, 1140, 
171 : 763, 766, 363, 
172 : 24, 29, 618, 
173 : 587, 642, 643, 586, 
174 : 579, 650, 927, 
175 : 859, 1135, 1136, 
176 : 787, 1140, 1141, 
177 : 766, 360, 363, 
178 : 29, 33, 618, 
179 : 586, 643, 644, 
180 : 579, 582, 647, 650, 
181 : 650, 926, 927, 
182 : 859, 861, 1135, 
183 : 787, 1141, 1142, 
184 : 766, 354, 360, 
185 : 33, 721, 618, 
186 : 582, 586, 644, 
187 : 582, 644, 647, 
188 : 650, 925, 926, 
189 : 861, 1134, 1135, 
190 : 787, 1142, 1143, 
191 : 766, 770, 354, 
192 : 33, 720, 721, 
193 : 650, 652, 925, 
194 : 861, 863, 1134, 
195 : 785, 787, 1143, 
196 : 770, 1055, 354, 
197 : 33, 719, 720, 
198 : 652, 654, 925, 
199 : 863, 865, 1134, 
200 : 785, 1143, 1038, 
201 : 770, 1052, 1055, 
202 : 1055, 351, 354, 
203 : 33, 37, 719, 
204 : 654, 921, 925, 
205 : 865, 867, 1134, 
206 : 783, 785, 1038, 
207 : 770, 771, 1049, 1052, 
208 : 1055, 346, 351, 
209 : 37, 718, 719, 
210 : 654, 656, 921, 
211 : 867, 1131, 1134, 
212 : 781, 783, 1038, 
213 : 771, 772, 1049, 
214 : 1055, 1056, 346, 
215 : 37, 717, 718, 
216 : 656, 658, 921, 
217 : 867, 1128, 1131, 
218 : 778, 781, 1038, 1040, 1043, 
219 : 772, 773, 1049, 
220 : 1056, 1057, 346, 
221 : 37, 40, 717, 
222 : 658, 660, 921, 
223 : 867, 870, 1128, 
224 : 778, 1043, 1045, 
225 : 773, 1047, 1049, 
226 : 1057, 1058, 346, 
227 : 40, 716, 717, 
228 : 660, 918, 921, 
229 : 870, 1126, 1128, 
230 : 777, 778, 1045, 
231 : 773, 1045, 1047, 
232 : 1058, 341, 346, 
233 : 40, 43, 716, 
234 : 660, 915, 918, 
235 : 870, 1124, 1126, 
236 : 773, 777, 1045, 
237 : 1058, 1059, 341, 
238 : 43, 712, 716, 
239 : 660, 663, 915, 
240 : 870, 871, 1124, 
241 : 1059, 339, 341, 
242 : 43, 47, 712, 
243 : 663, 913, 915, 
244 : 871, 872, 1124, 
245 : 1059, 1060, 339, 
246 : 47, 52, 712, 
247 : 663, 664, 913, 
248 : 872, 1122, 1124, 
249 : 1060, 337, 339, 
250 : 52, 709, 712, 
251 : 664, 665, 913, 
252 : 872, 873, 1122, 
253 : 1060, 335, 337, 
254 : 52, 55, 709, 
255 : 665, 666, 913, 
256 : 873, 874, 1122, 
257 : 1060, 333, 335, 
258 : 55, 707, 709, 
259 : 666, 908, 913, 
260 : 874, 875, 1122, 
261 : 1060, 1065, 333, 
262 : 55, 705, 707, 
263 : 666, 667, 908, 
264 : 875, 1157, 1122, 
265 : 1065, 331, 333, 
266 : 55, 60, 705, 
267 : 667, 944, 908, 
268 : 875, 876, 1157, 
269 : 1157, 1119, 1122, 
270 : 1065, 329, 331, 
271 : 60, 62, 703, 705, 
272 : 667, 668, 944, 
273 : 944, 905, 908, 
274 : 876, 877, 1157, 
275 : 1157, 1116, 1119, 
276 : 1065, 327, 329, 
277 : 62, 67, 703, 
278 : 668, 669, 944, 
279 : 944, 948, 905, 
280 : 877, 1155, 1157, 
281 : 1157, 1161, 1116, 
282 : 1065, 325, 327, 
283 : 67, 700, 703, 
284 : 669, 670, 944, 
285 : 948, 952, 905, 
286 : 877, 878, 1155, 
287 : 1116, 1161, 1162, 1115, 
288 : 1065, 1068, 325, 
289 : 67, 69, 700, 
290 : 670, 942, 944, 
291 : 905, 952, 904, 
292 : 878, 1153, 1155, 
293 : 1115, 1162, 1163, 1114, 
294 : 1068, 323, 325, 
295 : 69, 697, 700, 
296 : 670, 671, 942, 
297 : 904, 952, 903, 
298 : 878, 879, 1153, 
299 : 1114, 1163, 1164, 1113, 
300 : 1068, 321, 323, 
301 : 69, 71, 697, 
302 : 671, 940, 942, 
303 : 903, 952, 902, 
304 : 879, 1151, 1153, 
305 : 1113, 1164, 1165, 1112, 
306 : 1068, 316, 321, 
307 : 71, 73, 697, 
308 : 671, 938, 940, 
309 : 902, 952, 953, 901, 
310 : 879, 1149, 1151, 
311 : 1112, 1165, 1166, 1111, 
312 : 1068, 1070, 316, 
313 : 73, 75, 697, 
314 : 671, 936, 938, 
315 : 901, 953, 954, 900, 
316 : 879, 1147, 1149, 
317 : 1111, 1166, 1167, 1110, 
318 : 1070, 1072, 316, 
319 : 75, 77, 697, 
320 : 671, 674, 936, 
321 : 900, 954, 955, 899, 
322 : 879, 883, 1147, 
323 : 1110, 1167, 1168, 1109, 
324 : 1072, 1074, 316, 
325 : 697, 77, 696, 
326 : 674, 934, 936, 
327 : 899, 955, 898, 
328 : 883, 1144, 1147, 
329 : 1109, 1168, 1108, 
330 : 1074, 314, 316, 
331 : 77, 79, 696, 
332 : 674, 677, 934, 
333 : 898, 955, 897, 
334 : 883, 885, 1144, 
335 : 1108, 1168, 1172, 
336 : 1074, 309, 314, 
337 : 696, 79, 695, 
338 : 677, 930, 934, 
339 : 897, 955, 959, 
340 : 885, 887, 1144, 
341 : 1105, 1108, 1172, 
342 : 1074, 1079, 309, 
343 : 695, 79, 81, 
344 : 677, 679, 930, 
345 : 893, 897, 959, 
346 : 887, 889, 1144, 
347 : 1105, 1172, 1175, 
348 : 1079, 306, 309, 
349 : 695, 81, 694, 
350 : 679, 681, 930, 
351 : 893, 959, 962, 
352 : 889, 1249, 1144, 
353 : 1103, 1105, 1175, 
354 : 1079, 1082, 306, 
355 : 81, 86, 694, 
356 : 681, 683, 930, 
357 : 893, 962, 1244, 1245, 
358 : 889, 1248, 1249, 
359 : 1101, 1103, 1175, 
360 : 1082, 301, 306, 
361 : 694, 86, 693, 
362 : 683, 1037, 930, 
363 : 962, 1243, 1244, 
364 : 893, 1245, 1246, 
365 : 889, 891, 1248, 
366 : 1099, 1101, 1175, 1177, 
367 : 1082, 298, 301, 
368 : 693, 86, 692, 
369 : 683, 1036, 1037, 
370 : 962, 967, 1243, 
371 : 893, 1246, 1247, 
372 : 891, 1247, 1248, 
373 : 1099, 1177, 266, 267, 
374 : 1082, 1083, 298, 
375 : 692, 86, 691, 
376 : 683, 1035, 1036, 
377 : 967, 1242, 1243, 
378 : 891, 893, 1247, 
379 : 1177, 265, 266, 
380 : 1099, 267, 268, 
381 : 1083, 295, 298, 
382 : 691, 86, 690, 
383 : 683, 686, 1034, 1035, 
384 : 967, 1241, 1242, 
385 : 1177, 1179, 265, 
386 : 1097, 1099, 268, 
387 : 1083, 1084, 295, 
388 : 86, 91, 690, 
389 : 686, 1033, 1034, 
390 : 967, 1240, 1241, 
391 : 1179, 259, 265, 
392 : 1097, 268, 274, 
393 : 1084, 1085, 295, 
394 : 690, 91, 689, 
395 : 686, 1032, 1033, 
396 : 967, 972, 1240, 
397 : 1179, 1184, 259, 
398 : 1095, 1097, 274, 
399 : 1085, 291, 295, 
400 : 689, 91, 96, 
401 : 686, 689, 1032, 
402 : 972, 1237, 1240, 
403 : 1184, 258, 259, 
404 : 1093, 1095, 274, 
405 : 1085, 1086, 291, 
406 : 689, 96, 99, 
407 : 689, 99, 1032, 
408 : 972, 974, 1237, 
409 : 1184, 257, 258, 
410 : 1093, 274, 275, 
411 : 1086, 1087, 291, 
412 : 99, 1027, 1032, 
413 : 974, 1234, 1237, 
414 : 1184, 256, 257, 
415 : 1093, 275, 276, 
416 : 1087, 1088, 291, 
417 : 99, 102, 1027, 
418 : 974, 1232, 1234, 
419 : 1184, 251, 256, 
420 : 1093, 276, 281, 
421 : 1088, 286, 291, 
422 : 102, 105, 1027, 
423 : 974, 975, 1232, 
424 : 1184, 1187, 251, 
425 : 1090, 1093, 281, 
426 : 1088, 1089, 286, 
427 : 105, 108, 1027, 
428 : 975, 1230, 1232, 
429 : 1187, 246, 251, 
430 : 1090, 281, 286, 
431 : 1089, 1090, 286, 
432 : 108, 112, 1027, 
433 : 975, 980, 1230, 
434 : 1187, 1188, 246, 
435 : 112, 1025, 1027, 
436 : 980, 1228, 1230, 
437 : 1188, 242, 246, 
438 : 112, 116, 1025, 
439 : 980, 981, 1228, 
440 : 1188, 1189, 242, 
441 : 116, 1023, 1025, 
442 : 981, 1225, 1228, 
443 : 1189, 1190, 242, 
444 : 116, 1021, 1023, 
445 : 981, 986, 1225, 
446 : 1190, 1191, 242, 
447 : 116, 121, 1021, 
448 : 986, 178, 1225, 
449 : 1191, 238, 242, 
450 : 121, 1019, 1021, 
451 : 986, 175, 178, 
452 : 178, 183, 1225, 
453 : 1191, 1192, 238, 
454 : 121, 1017, 1019, 
455 : 986, 172, 175, 
456 : 183, 1220, 1225, 
457 : 1192, 1193, 238, 
458 : 121, 126, 1017, 
459 : 986, 169, 172, 
460 : 183, 188, 1220, 
461 : 1193, 235, 238, 
462 : 126, 127, 1017, 
463 : 986, 989, 169, 
464 : 1220, 188, 1219, 
465 : 1193, 1194, 235, 
466 : 127, 1014, 1017, 
467 : 989, 166, 169, 
468 : 1219, 188, 1218, 
469 : 1194, 232, 235, 
470 : 127, 131, 132, 1010, 1014, 
471 : 989, 163, 166, 
472 : 1218, 188, 193, 
473 : 1194, 1198, 232, 
474 : 132, 133, 1010, 
475 : 989, 991, 163, 
476 : 1218, 193, 1217, 
477 : 1198, 226, 232, 
478 : 133, 134, 1010, 
479 : 991, 159, 163, 
480 : 1217, 193, 195, 
481 : 1198, 1201, 226, 
482 : 134, 135, 1010, 
483 : 991, 993, 159, 
484 : 1217, 195, 1216, 
485 : 1201, 223, 226, 
486 : 1010, 135, 136, 1009, 
487 : 993, 995, 159, 
488 : 1216, 195, 197, 
489 : 1201, 218, 223, 
490 : 1009, 136, 137, 1008, 
491 : 995, 154, 159, 
492 : 1216, 197, 199, 
493 : 1201, 1203, 218, 
494 : 1008, 137, 138, 1007, 
495 : 995, 997, 154, 
496 : 1216, 199, 201, 
497 : 1203, 1205, 218, 
498 : 1007, 138, 139, 1006, 
499 : 997, 999, 154, 
500 : 1212, 1216, 201, 
501 : 1205, 1207, 218, 
502 : 1006, 139, 140, 
503 : 999, 149, 154, 
504 : 1212, 201, 203, 
505 : 1207, 213, 218, 
506 : 1006, 140, 141, 
507 : 999, 148, 149, 
508 : 1212, 203, 205, 
509 : 1207, 1209, 211, 213, 
510 : 1006, 141, 142, 
511 : 999, 1002, 148, 
512 : 1212, 205, 207, 
513 : 1209, 209, 211, 
514 : 1002, 1006, 142, 143, 
515 : 1002, 143, 148, 
516 : 1209, 1212, 207, 
517 : 1209, 207, 209, 
