0 : 1841, 1842, 1843, 1836, 
1 : 1836, 1843, 1835, 
2 : 1843, 1845, 1835, 
3 : 1835, 1845, 1834, 
4 : 1845, 1832, 1834, 
5 : 1845, 1846, 1848, 1832, 
6 : 1832, 1848, 1829, 
7 : 1848, 1850, 1829, 
8 : 1850, 1852, 1829, 
9 : 1829, 1852, 1826, 
10 : 1852, 1855, 1823, 1826, 
11 : 1855, 1857, 1823, 
12 : 1823, 1857, 1819, 
13 : 1857, 1860, 1819, 
14 : 1860, 1862, 1819, 
15 : 1862, 1816, 1819, 
16 : 1862, 1864, 1816, 
17 : 1864, 1813, 1816, 
18 : 1864, 1867, 1813, 
19 : 1867, 1869, 1813, 
20 : 1869, 1810, 1813, 
21 : 1869, 1874, 1810, 
22 : 1874, 1806, 1810, 
23 : 1874, 1876, 1806, 
24 : 1876, 1803, 1806, 
25 : 1876, 1800, 1803, 
26 : 1876, 1881, 1800, 
27 : 1881, 1797, 1800, 
28 : 1881, 1886, 1797, 
29 : 1886, 1888, 1797, 
30 : 1888, 1793, 1797, 
31 : 1888, 1790, 1793, 
32 : 1888, 1893, 1790, 
33 : 1893, 1787, 1790, 
34 : 1893, 1898, 1787, 
35 : 1898, 1900, 1787, 
36 : 1900, 1783, 1787, 
37 : 1900, 1780, 1783, 
38 : 1900, 1777, 1780, 
39 : 1900, 1905, 1777, 
40 : 1905, 1774, 1777, 
41 : 1905, 1912, 1774, 
42 : 1912, 1770, 1774, 
43 : 1912, 1767, 1770, 
44 : 1912, 1917, 1767, 
45 : 1917, 1764, 1767, 
46 : 1917, 1761, 1764, 
47 : 1917, 1924, 1761, 
48 : 1924, 1757, 1761, 
49 : 1924, 1754, 1757, 
50 : 1924, 1929, 1754, 
51 : 1929, 1751, 1754, 
52 : 1929, 1936, 1751, 
53 : 1936, 1748, 1751, 
54 : 1936, 1941, 1748, 
55 : 1941, 1741, 1748, 
56 : 1941, 1738, 1741, 
57 : 1941, 1948, 1738, 
58 : 1948, 1735, 1738, 
59 : 1948, 1955, 1735, 
60 : 1955, 1728, 1735, 
61 : 1955, 2204, 1728, 
62 : 1955, 1960, 2204, 
63 : 2204, 1725, 1728, 
64 : 1960, 1967, 2204, 
65 : 2204, 2206, 1725, 
66 : 1967, 1972, 2204, 
67 : 2206, 2208, 1725, 
68 : 1972, 2203, 2204, 
69 : 2208, 1722, 1725, 
70 : 1972, 2202, 2203, 
71 : 2208, 2210, 1722, 
72 : 1972, 1979, 2202, 
73 : 2210, 1718, 1722, 
74 : 1979, 1982, 2202, 
75 : 2210, 1715, 1718, 
76 : 1982, 2195, 2202, 
77 : 2210, 1712, 1715, 
78 : 1982, 1983, 2195, 
79 : 2210, 1709, 1712, 
80 : 1983, 2190, 2195, 
81 : 2210, 2211, 1709, 
82 : 1983, 2127, 2190, 
83 : 1709, 2211, 1708, 
84 : 1983, 2124, 2127, 
85 : 2127, 2131, 2190, 
86 : 1708, 2211, 1707, 
87 : 1983, 2120, 2124, 
88 : 2131, 2183, 2190, 
89 : 1707, 2211, 2214, 
90 : 1983, 1985, 2120, 
91 : 2131, 2135, 2183, 
92 : 1707, 2214, 2217, 
93 : 1985, 1987, 2120, 
94 : 2135, 2138, 2183, 
95 : 1707, 2217, 2220, 
96 : 1987, 1989, 2120, 
97 : 2138, 2178, 2183, 
98 : 1707, 2220, 2224, 
99 : 1989, 2118, 2120, 
100 : 2138, 2142, 2178, 
101 : 1707, 2224, 2278, 
102 : 1989, 2116, 2118, 
103 : 2142, 2176, 2178, 
104 : 2224, 2227, 2278, 
105 : 1705, 1707, 2278, 
106 : 1989, 2114, 2116, 
107 : 2142, 2171, 2176, 
108 : 2227, 2277, 2278, 
109 : 1705, 2278, 2285, 
110 : 1989, 1993, 2114, 
111 : 2142, 2145, 2171, 
112 : 2227, 2271, 2277, 
113 : 1703, 1705, 2285, 
114 : 1993, 1997, 2114, 
115 : 2145, 2166, 2171, 
116 : 2227, 2230, 2271, 
117 : 1701, 1703, 2285, 
118 : 1997, 2000, 2114, 
119 : 2145, 2149, 2166, 
120 : 2230, 2234, 2271, 
121 : 1697, 1701, 2285, 
122 : 2000, 2004, 2114, 
123 : 2149, 2152, 2166, 
124 : 2234, 2270, 2271, 
125 : 1697, 2285, 2287, 
126 : 2004, 2007, 2114, 
127 : 2152, 2164, 2166, 
128 : 2234, 2269, 2270, 
129 : 1697, 2287, 2289, 
130 : 2007, 2831, 2114, 
131 : 2152, 2162, 2164, 
132 : 2234, 2264, 2269, 
133 : 1697, 2289, 2291, 
134 : 2007, 93, 2831, 
135 : 2234, 2237, 2264, 
136 : 1697, 2291, 2293, 
137 : 2007, 2014, 93, 
138 : 93, 100, 2831, 
139 : 2237, 2240, 2264, 
140 : 1690, 1697, 2293, 
141 : 2014, 86, 93, 
142 : 100, 107, 2831, 
143 : 2240, 2263, 2264, 
144 : 1683, 1690, 2293, 
145 : 2014, 2018, 86, 
146 : 107, 2829, 2831, 
147 : 2240, 2243, 2263, 
148 : 1683, 2293, 1475, 
149 : 2018, 2025, 86, 
150 : 107, 114, 2829, 
151 : 2243, 2262, 2263, 
152 : 2293, 2294, 1475, 
153 : 1683, 1475, 1479, 
154 : 2025, 79, 86, 
155 : 114, 2827, 2829, 
156 : 2243, 2261, 2262, 
157 : 2294, 1472, 1475, 
158 : 1676, 1683, 1479, 
159 : 2025, 2029, 79, 
160 : 114, 2825, 2827, 
161 : 2243, 2247, 2257, 2261, 
162 : 2294, 1468, 1472, 
163 : 1676, 1479, 1486, 
164 : 2029, 2032, 79, 
165 : 114, 2820, 2825, 
166 : 2247, 2256, 2257, 
167 : 2294, 1465, 1468, 
168 : 1669, 1676, 1486, 
169 : 2032, 72, 79, 
170 : 114, 116, 2820, 
171 : 2294, 1461, 1465, 
172 : 1669, 1486, 1493, 
173 : 2032, 2036, 72, 
174 : 116, 118, 2820, 
175 : 2294, 1458, 1461, 
176 : 1662, 1669, 1493, 
177 : 2036, 65, 72, 
178 : 118, 120, 2820, 
179 : 2294, 2296, 1458, 
180 : 1662, 1493, 1497, 
181 : 2036, 2040, 65, 
182 : 120, 122, 2820, 
183 : 2296, 2298, 1458, 
184 : 1662, 1497, 1500, 
185 : 2040, 2043, 65, 
186 : 2820, 122, 2813, 
187 : 2298, 2300, 1458, 
188 : 1662, 1500, 1504, 
189 : 2043, 2047, 65, 
190 : 122, 2761, 2813, 
191 : 2300, 1456, 1458, 
192 : 1655, 1662, 1504, 
193 : 2047, 64, 65, 
194 : 122, 2758, 2761, 
195 : 2761, 2764, 2813, 
196 : 2300, 1454, 1456, 
197 : 1655, 1504, 1508, 
198 : 2047, 2050, 64, 
199 : 122, 2755, 2758, 
200 : 2764, 2768, 2813, 
201 : 2300, 1452, 1454, 
202 : 1655, 1508, 1511, 
203 : 2050, 58, 64, 
204 : 122, 2751, 2755, 
205 : 2813, 2768, 2812, 
206 : 2300, 2304, 1452, 
207 : 1648, 1654, 1655, 1511, 
208 : 2050, 2054, 58, 
209 : 122, 2748, 2751, 
210 : 2768, 2806, 2812, 
211 : 2304, 2307, 1452, 
212 : 1648, 1511, 1515, 
213 : 2054, 2057, 58, 
214 : 122, 123, 2748, 
215 : 2768, 2771, 2806, 
216 : 2307, 2364, 1452, 
217 : 1648, 1515, 1518, 
218 : 2057, 57, 58, 
219 : 123, 2747, 2748, 
220 : 2771, 2774, 2806, 
221 : 2307, 2311, 2364, 
222 : 2364, 2371, 1452, 
223 : 1647, 1648, 1518, 
224 : 2057, 56, 57, 
225 : 123, 126, 2747, 
226 : 2806, 2774, 2805, 
227 : 2311, 2314, 2364, 
228 : 1452, 2371, 1451, 
229 : 1646, 1647, 1518, 
230 : 2057, 50, 56, 
231 : 126, 130, 2747, 
232 : 2805, 2774, 2804, 
233 : 2314, 2359, 2364, 
234 : 1451, 2371, 2376, 
235 : 1640, 1646, 1518, 
236 : 2057, 2061, 50, 
237 : 130, 133, 2747, 
238 : 2804, 2774, 2799, 
239 : 2314, 2318, 2359, 
240 : 1451, 2376, 2383, 
241 : 1640, 1518, 1522, 
242 : 2061, 49, 50, 
243 : 133, 136, 2747, 
244 : 2774, 2777, 2799, 
245 : 2318, 2357, 2359, 
246 : 1446, 1451, 2383, 
247 : 1640, 1522, 1526, 
248 : 2061, 2065, 49, 
249 : 136, 139, 2747, 
250 : 2777, 2781, 2799, 
251 : 2318, 2352, 2357, 
252 : 1439, 1446, 2383, 
253 : 1640, 1526, 1529, 
254 : 2065, 43, 49, 
255 : 139, 143, 2747, 
256 : 2799, 2781, 2798, 
257 : 2318, 2322, 2352, 
258 : 1439, 2383, 2384, 
259 : 1639, 1640, 1529, 
260 : 2065, 2068, 43, 
261 : 143, 2745, 2747, 
262 : 2798, 2781, 2797, 
263 : 2322, 2325, 2352, 
264 : 1434, 1439, 2384, 
265 : 1633, 1639, 1529, 
266 : 2068, 42, 43, 
267 : 143, 2743, 2745, 
268 : 2781, 2784, 2797, 
269 : 2325, 2347, 2352, 
270 : 1427, 1434, 2384, 
271 : 1633, 1529, 1533, 
272 : 2068, 2072, 42, 
273 : 143, 2741, 2743, 
274 : 2797, 2784, 2796, 
275 : 2325, 2329, 2345, 2347, 
276 : 1422, 1427, 2384, 
277 : 1633, 1533, 1536, 
278 : 2072, 41, 42, 
279 : 143, 370, 2741, 
280 : 2796, 2784, 2795, 
281 : 2329, 2343, 2345, 
282 : 1422, 2384, 1198, 
283 : 1632, 1633, 1536, 
284 : 2072, 36, 41, 
285 : 143, 146, 370, 
286 : 370, 375, 2741, 
287 : 2329, 2332, 2340, 2343, 
288 : 2384, 1195, 1198, 
289 : 1422, 1198, 1201, 
290 : 1631, 1632, 1536, 
291 : 2072, 2075, 36, 
292 : 146, 363, 370, 
293 : 375, 382, 2741, 
294 : 2332, 2333, 2338, 2340, 
295 : 2384, 2386, 1195, 
296 : 1422, 1201, 1208, 
297 : 1626, 1631, 1536, 
298 : 2075, 2079, 36, 
299 : 146, 153, 363, 
300 : 2741, 382, 387, 
301 : 2386, 2388, 1195, 
302 : 1415, 1422, 1208, 
303 : 1626, 1536, 1540, 
304 : 2079, 35, 36, 
305 : 153, 358, 363, 
306 : 2741, 387, 2740, 
307 : 2388, 2390, 1195, 
308 : 1410, 1415, 1208, 
309 : 1625, 1626, 1540, 
310 : 2079, 34, 35, 
311 : 153, 156, 358, 
312 : 2740, 387, 394, 
313 : 2390, 1191, 1195, 
314 : 1410, 1208, 1211, 
315 : 1625, 1540, 1544, 
316 : 2079, 29, 34, 
317 : 156, 351, 358, 
318 : 2737, 2740, 394, 
319 : 2390, 1188, 1191, 
320 : 1410, 1211, 1214, 
321 : 1624, 1625, 1544, 
322 : 2079, 2083, 29, 
323 : 156, 159, 351, 
324 : 2730, 2737, 394, 
325 : 2390, 1185, 1188, 
326 : 1403, 1410, 1214, 
327 : 1619, 1624, 1544, 
328 : 2083, 2086, 29, 
329 : 159, 162, 351, 
330 : 2730, 394, 395, 
331 : 2390, 1182, 1185, 
332 : 1403, 1214, 1217, 
333 : 1619, 1544, 1547, 
334 : 2086, 28, 29, 
335 : 162, 166, 351, 
336 : 2730, 395, 396, 
337 : 2390, 1178, 1182, 
338 : 1403, 1217, 1221, 
339 : 1619, 1547, 1551, 
340 : 2086, 27, 28, 
341 : 166, 346, 351, 
342 : 2725, 2730, 396, 
343 : 2390, 2391, 1178, 
344 : 1398, 1403, 1221, 
345 : 1618, 1619, 1551, 
346 : 2086, 26, 27, 
347 : 166, 169, 346, 
348 : 2725, 396, 2668, 
349 : 2391, 1177, 1178, 
350 : 1398, 1221, 1224, 
351 : 1617, 1618, 1551, 
352 : 2086, 2090, 22, 26, 
353 : 169, 339, 346, 
354 : 396, 2665, 2668, 
355 : 2718, 2725, 2668, 
356 : 2391, 1176, 1177, 
357 : 1398, 1224, 1227, 
358 : 1617, 1551, 1554, 
359 : 2090, 2093, 22, 
360 : 169, 172, 339, 
361 : 396, 2661, 2665, 
362 : 2718, 2668, 2672, 
363 : 2391, 2394, 1176, 
364 : 1391, 1398, 1227, 
365 : 1612, 1617, 1554, 
366 : 2093, 21, 22, 
367 : 172, 334, 339, 
368 : 396, 2658, 2661, 
369 : 2718, 2672, 2675, 
370 : 2394, 2397, 1176, 
371 : 1391, 1227, 1230, 
372 : 1612, 1554, 1558, 
373 : 2093, 20, 21, 
374 : 172, 175, 334, 
375 : 396, 398, 2658, 
376 : 2713, 2718, 2675, 
377 : 2397, 2401, 1176, 
378 : 1391, 1230, 1234, 
379 : 1611, 1612, 1558, 
380 : 2097, 20, 2093, 
381 : 175, 179, 334, 
382 : 398, 400, 2658, 
383 : 2713, 2675, 2679, 
384 : 2401, 2404, 1176, 
385 : 1384, 1391, 1234, 
386 : 1610, 1611, 1558, 
387 : 2097, 19, 20, 
388 : 179, 327, 334, 
389 : 400, 402, 2658, 
390 : 2711, 2713, 2679, 
391 : 2404, 2459, 1176, 
392 : 1384, 1234, 1237, 
393 : 1610, 1558, 1561, 
394 : 2097, 15, 19, 
395 : 179, 182, 327, 
396 : 402, 2656, 2658, 
397 : 2706, 2711, 2679, 
398 : 2404, 2407, 2459, 
399 : 2459, 1174, 1176, 
400 : 1379, 1384, 1237, 
401 : 1609, 1610, 1561, 
402 : 2098, 2101, 15, 2097, 
403 : 182, 185, 327, 
404 : 402, 2654, 2656, 
405 : 2706, 2679, 2683, 
406 : 2407, 2458, 2459, 
407 : 2459, 2466, 1174, 
408 : 1379, 1237, 1240, 
409 : 1605, 1609, 1561, 
410 : 2101, 14, 15, 
411 : 185, 320, 327, 
412 : 402, 2652, 2654, 
413 : 2706, 2683, 2686, 
414 : 2407, 2452, 2458, 
415 : 2466, 1172, 1174, 
416 : 1379, 1240, 1243, 
417 : 1605, 1561, 1565, 
418 : 2101, 13, 14, 
419 : 185, 188, 320, 
420 : 402, 406, 2652, 
421 : 2704, 2706, 2686, 
422 : 2407, 2410, 2452, 
423 : 2466, 1170, 1172, 
424 : 1379, 1243, 1247, 
425 : 1604, 1605, 1565, 
426 : 2101, 2104, 13, 
427 : 188, 192, 320, 
428 : 406, 409, 2652, 
429 : 2701, 2704, 2686, 
430 : 2410, 2414, 2452, 
431 : 2466, 1166, 1170, 
432 : 1372, 1379, 1247, 
433 : 1603, 1604, 1565, 
434 : 2104, 12, 13, 
435 : 192, 315, 320, 
436 : 409, 413, 2652, 
437 : 2701, 2686, 2687, 2690, 
438 : 2414, 2451, 2452, 
439 : 2466, 2468, 1166, 
440 : 1372, 1247, 1250, 
441 : 1603, 1565, 1569, 
442 : 2104, 11, 12, 
443 : 192, 195, 315, 
444 : 413, 416, 2652, 
445 : 2699, 2701, 2690, 
446 : 2414, 2417, 2451, 
447 : 2468, 2470, 1166, 
448 : 1367, 1372, 1250, 
449 : 1602, 1603, 1569, 
450 : 2104, 8, 11, 
451 : 195, 198, 315, 
452 : 2652, 416, 2651, 
453 : 2417, 2450, 2451, 
454 : 2470, 2472, 1166, 
455 : 1367, 1250, 1253, 
456 : 1598, 1602, 1569, 
457 : 2105, 8, 2104, 
458 : 198, 313, 315, 
459 : 2651, 416, 420, 
460 : 2417, 2445, 2450, 
461 : 2472, 2474, 1166, 
462 : 1367, 1253, 1257, 
463 : 1598, 1569, 1572, 
464 : 2108, 8, 2105, 
465 : 198, 308, 313, 
466 : 2651, 420, 620, 
467 : 2417, 2420, 2445, 
468 : 1166, 2474, 1159, 
469 : 1365, 1367, 1257, 
470 : 1597, 1598, 1572, 
471 : 2108, 7, 8, 
472 : 198, 201, 308, 
473 : 420, 427, 620, 
474 : 2651, 620, 627, 
475 : 2420, 2424, 2445, 
476 : 2474, 1152, 1159, 
477 : 1360, 1365, 1257, 
478 : 1596, 1597, 1572, 1573, 
479 : 2109, 2111, 6, 7, 2108, 
480 : 201, 205, 308, 
481 : 427, 613, 620, 
482 : 2651, 627, 634, 
483 : 2424, 2444, 2445, 
484 : 2474, 946, 1152, 
485 : 1360, 1257, 1260, 
486 : 1596, 1573, 1576, 
487 : 2111, 5, 6, 
488 : 205, 303, 308, 
489 : 427, 434, 613, 
490 : 2649, 2651, 634, 
491 : 2424, 2443, 2444, 
492 : 2474, 942, 946, 
493 : 946, 953, 1152, 
494 : 1355, 1360, 1260, 
495 : 1595, 1596, 1576, 
496 : 2112, 4, 5, 2111, 
497 : 205, 208, 303, 
498 : 434, 606, 613, 
499 : 2649, 634, 641, 
500 : 2424, 2442, 2443, 
501 : 2474, 2475, 942, 
502 : 953, 1145, 1152, 
503 : 1355, 1260, 1263, 
504 : 1594, 1595, 1576, 
505 : 208, 301, 303, 
506 : 434, 441, 606, 
507 : 2647, 2649, 641, 
508 : 2424, 2438, 2442, 
509 : 2475, 939, 942, 
510 : 953, 960, 1145, 
511 : 1355, 1263, 1266, 
512 : 1591, 1594, 1576, 1579, 
513 : 208, 296, 301, 
514 : 441, 445, 606, 
515 : 2645, 2647, 641, 
516 : 2424, 2427, 2438, 
517 : 2475, 935, 939, 
518 : 960, 1138, 1145, 
519 : 1353, 1355, 1266, 
520 : 1590, 1591, 1579, 1580, 
521 : 208, 211, 296, 
522 : 445, 599, 606, 
523 : 2641, 2645, 641, 
524 : 2427, 2430, 2438, 
525 : 2475, 932, 935, 
526 : 960, 964, 1138, 
527 : 1353, 1266, 1270, 
528 : 1589, 1590, 1580, 1581, 
529 : 211, 214, 296, 
530 : 445, 449, 599, 
531 : 2641, 641, 643, 
532 : 2475, 929, 932, 
533 : 964, 1131, 1138, 
534 : 1348, 1353, 1270, 
535 : 1583, 1589, 1581, 
536 : 214, 291, 296, 
537 : 449, 452, 599, 
538 : 2641, 643, 645, 
539 : 2475, 2477, 929, 
540 : 964, 968, 1131, 
541 : 1348, 1270, 1273, 
542 : 1588, 1589, 1583, 
543 : 214, 218, 291, 
544 : 452, 592, 599, 
545 : 2641, 645, 647, 
546 : 2477, 2479, 929, 
547 : 968, 971, 1131, 
548 : 1343, 1348, 1273, 
549 : 218, 289, 291, 
550 : 452, 456, 592, 
551 : 2641, 647, 649, 
552 : 2479, 2481, 929, 
553 : 1131, 971, 975, 
554 : 1343, 1273, 1276, 
555 : 218, 221, 289, 
556 : 456, 459, 592, 
557 : 2634, 2641, 649, 
558 : 2481, 927, 929, 
559 : 1131, 975, 1124, 
560 : 1341, 1343, 1276, 
561 : 221, 284, 289, 
562 : 459, 591, 592, 
563 : 2634, 649, 2585, 
564 : 2481, 925, 927, 
565 : 975, 978, 1124, 
566 : 1341, 1276, 1279, 
567 : 221, 224, 284, 
568 : 459, 585, 591, 
569 : 649, 2581, 2585, 
570 : 2634, 2585, 2588, 
571 : 2481, 923, 925, 
572 : 978, 982, 1124, 
573 : 1336, 1341, 1279, 
574 : 224, 228, 284, 
575 : 459, 463, 585, 
576 : 649, 2578, 2581, 
577 : 2633, 2634, 2588, 
578 : 2481, 2485, 923, 
579 : 1124, 982, 985, 
580 : 1336, 1279, 1283, 
581 : 228, 282, 284, 
582 : 463, 467, 585, 
583 : 649, 2575, 2578, 
584 : 2627, 2633, 2588, 
585 : 2485, 2489, 923, 
586 : 1124, 985, 1123, 
587 : 1334, 1336, 1283, 
588 : 228, 279, 282, 
589 : 467, 470, 585, 
590 : 649, 2572, 2575, 
591 : 2627, 2588, 2591, 
592 : 2489, 2492, 923, 
593 : 985, 1117, 1123, 
594 : 1331, 1334, 1283, 
595 : 228, 231, 279, 
596 : 470, 584, 585, 
597 : 649, 650, 2572, 
598 : 2627, 2591, 2594, 
599 : 2492, 2550, 923, 
600 : 985, 989, 1117, 
601 : 1331, 1283, 1286, 
602 : 231, 277, 279, 
603 : 470, 578, 584, 
604 : 650, 651, 2572, 
605 : 2626, 2627, 2594, 
606 : 2492, 2543, 2550, 
607 : 2550, 2555, 923, 
608 : 1117, 989, 1116, 
609 : 1331, 1286, 1289, 
610 : 231, 275, 277, 
611 : 470, 474, 578, 
612 : 2572, 651, 2571, 
613 : 2626, 2594, 2598, 
614 : 2492, 2496, 2543, 
615 : 2555, 922, 923, 
616 : 989, 1110, 1116, 
617 : 1329, 1331, 1289, 
618 : 231, 234, 272, 275, 
619 : 474, 477, 578, 
620 : 2571, 651, 2570, 
621 : 2625, 2626, 2598, 
622 : 2496, 2499, 2543, 
623 : 2555, 2562, 922, 
624 : 989, 993, 1110, 
625 : 1327, 1329, 1289, 
626 : 234, 237, 272, 
627 : 477, 577, 578, 
628 : 2570, 651, 2569, 
629 : 2620, 2625, 2598, 
630 : 2499, 2541, 2543, 
631 : 2562, 919, 922, 
632 : 993, 996, 1110, 
633 : 1324, 1327, 1289, 1292, 
634 : 237, 270, 272, 
635 : 477, 571, 577, 
636 : 2569, 651, 654, 
637 : 2620, 2598, 2601, 
638 : 2499, 2536, 2541, 
639 : 2562, 912, 919, 
640 : 1110, 996, 1109, 
641 : 1324, 1292, 1295, 
642 : 237, 267, 270, 
643 : 477, 481, 571, 
644 : 2569, 654, 657, 
645 : 2619, 2620, 2601, 
646 : 2499, 2531, 2536, 
647 : 2562, 2563, 912, 
648 : 1109, 996, 1103, 
649 : 1324, 1295, 1296, 
650 : 237, 240, 267, 
651 : 481, 484, 571, 
652 : 2569, 657, 661, 
653 : 2619, 2601, 2604, 
654 : 2499, 2503, 2531, 
655 : 2563, 907, 912, 
656 : 996, 1000, 1103, 
657 : 1322, 1324, 1296, 
658 : 240, 241, 267, 
659 : 484, 570, 571, 
660 : 2569, 661, 664, 
661 : 2618, 2619, 2604, 
662 : 2503, 2506, 2531, 
663 : 2563, 900, 907, 
664 : 1000, 1003, 1103, 
665 : 1322, 1296, 1319, 
666 : 241, 265, 267, 
667 : 484, 569, 570, 
668 : 2567, 2569, 664, 
669 : 2617, 2618, 2604, 
670 : 2506, 2529, 2531, 
671 : 2563, 895, 900, 
672 : 1103, 1003, 1102, 
673 : 1319, 1296, 1299, 
674 : 241, 244, 265, 
675 : 484, 564, 569, 
676 : 2567, 664, 671, 
677 : 2613, 2616, 2617, 2604, 2607, 
678 : 2506, 2527, 2529, 
679 : 2563, 671, 895, 
680 : 1102, 1003, 1007, 
681 : 1317, 1319, 1299, 
682 : 244, 263, 265, 
683 : 484, 488, 564, 
684 : 2565, 2567, 671, 
685 : 2506, 2524, 2527, 
686 : 2563, 2565, 671, 
687 : 671, 674, 895, 
688 : 1102, 1007, 1096, 1101, 
689 : 1315, 1317, 1299, 1301, 1302, 
690 : 244, 260, 263, 
691 : 488, 563, 564, 
692 : 2506, 2510, 2524, 
693 : 674, 888, 895, 
694 : 1007, 1011, 1096, 
695 : 1313, 1315, 1302, 
696 : 244, 246, 247, 260, 
697 : 488, 492, 563, 
698 : 2522, 2524, 2510, 
699 : 674, 677, 888, 
700 : 1011, 1014, 1096, 
701 : 1313, 1302, 1312, 
702 : 247, 258, 260, 
703 : 492, 562, 563, 
704 : 677, 883, 888, 
705 : 1096, 1014, 1095, 
706 : 1302, 1304, 1312, 
707 : 247, 249, 258, 
708 : 492, 557, 562, 
709 : 677, 684, 883, 
710 : 1095, 1014, 1094, 
711 : 1312, 1304, 1305, 
712 : 249, 250, 258, 
713 : 492, 495, 557, 
714 : 684, 876, 883, 
715 : 1014, 1089, 1094, 
716 : 1311, 1312, 1305, 1310, 
717 : 250, 256, 258, 
718 : 495, 499, 556, 557, 
719 : 684, 687, 876, 
720 : 1014, 1018, 1089, 
721 : 499, 555, 556, 
722 : 687, 690, 876, 
723 : 1018, 1021, 1089, 
724 : 499, 502, 555, 
725 : 690, 871, 876, 
726 : 1089, 1021, 1088, 
727 : 502, 554, 555, 
728 : 690, 693, 871, 
729 : 1088, 1021, 1087, 
730 : 502, 550, 554, 
731 : 693, 697, 871, 
732 : 1087, 1021, 1082, 
733 : 502, 506, 550, 
734 : 697, 864, 871, 
735 : 1021, 1025, 1082, 
736 : 506, 549, 550, 
737 : 697, 700, 864, 
738 : 1082, 1025, 1081, 
739 : 506, 548, 549, 
740 : 700, 859, 864, 
741 : 1025, 1029, 1081, 
742 : 506, 547, 548, 
743 : 700, 703, 859, 
744 : 1081, 1029, 1080, 
745 : 506, 510, 543, 547, 
746 : 703, 706, 859, 
747 : 1080, 1029, 1079, 
748 : 510, 513, 543, 
749 : 706, 710, 859, 
750 : 1029, 1032, 1079, 
751 : 513, 542, 543, 
752 : 710, 852, 859, 
753 : 1032, 1075, 1079, 
754 : 513, 541, 542, 
755 : 710, 713, 852, 
756 : 1075, 1032, 1036, 
757 : 513, 514, 540, 541, 
758 : 713, 847, 852, 
759 : 1075, 1036, 1074, 
760 : 514, 517, 540, 
761 : 713, 716, 847, 
762 : 1074, 1036, 1073, 
763 : 517, 539, 540, 
764 : 716, 719, 847, 
765 : 1073, 1036, 1039, 
766 : 517, 538, 539, 
767 : 719, 723, 847, 
768 : 1073, 1039, 1072, 
769 : 517, 520, 535, 538, 
770 : 723, 845, 847, 
771 : 1072, 1039, 1068, 
772 : 520, 521, 534, 535, 
773 : 723, 840, 845, 
774 : 1039, 1040, 1068, 
775 : 521, 522, 524, 533, 534, 
776 : 723, 835, 840, 
777 : 1040, 1043, 1068, 
778 : 524, 532, 533, 
779 : 723, 726, 835, 
780 : 1068, 1043, 1067, 
781 : 524, 525, 531, 532, 
782 : 726, 729, 835, 
783 : 1067, 1043, 1066, 
784 : 729, 833, 835, 
785 : 1043, 1046, 1066, 
786 : 729, 732, 833, 
787 : 1066, 1046, 1065, 
788 : 732, 828, 833, 
789 : 1065, 1046, 1064, 
790 : 732, 736, 828, 
791 : 1064, 1046, 1047, 1063, 
792 : 736, 823, 828, 
793 : 1063, 1047, 1050, 1060, 
794 : 736, 739, 823, 
795 : 1060, 1050, 1051, 1059, 
796 : 739, 742, 823, 
797 : 1059, 1051, 1052, 1058, 
798 : 742, 821, 823, 
799 : 742, 816, 821, 
800 : 742, 745, 816, 
801 : 745, 749, 816, 
802 : 749, 814, 816, 
803 : 749, 809, 814, 
804 : 749, 752, 809, 
805 : 752, 755, 809, 
806 : 755, 807, 809, 
807 : 755, 804, 807, 
808 : 755, 759, 804, 
809 : 759, 802, 804, 
810 : 759, 762, 802, 
811 : 762, 800, 802, 
812 : 762, 797, 800, 
813 : 762, 765, 797, 
814 : 765, 795, 797, 
815 : 765, 768, 792, 795, 
816 : 768, 771, 792, 
817 : 771, 790, 792, 
818 : 771, 772, 790, 
819 : 772, 788, 790, 
820 : 772, 774, 775, 785, 786, 788, 
821 : 775, 777, 783, 785, 
