1 0
2 1
3 2
4 3
5 4
6 5
7 6
8 7
9 8
10 9
11 10
12 11
13 12
14 13
15 14
16 15
17 16
18 17
19 18
20 19
21 20
22 21
23 22
24 23
25 24
26 25
27 26
28 27
29 28
30 29
31 30
32 31
33 32
34 33
35 34
36 35
37 36
38 37
39 38
40 39
41 40
42 41
43 42
44 43
45 44
46 45
47 46
48 47
49 48
50 49
51 50
52 51
53 52
54 53
55 54
56 55
57 56
58 57
59 58
60 59
61 60
62 61
63 61
64 62
65 63
66 64
67 65
68 66
69 67
70 68
71 69
72 70
73 71
74 72
75 73
76 74
77 75
78 76
79 77
80 78
81 79
82 80
83 81
84 82
85 82
86 83
87 84
88 85
89 86
90 87
91 88
92 89
93 90
94 91
95 92
96 93
97 94
98 95
99 96
100 97
101 98
102 99
103 100
104 101
105 101
106 102
107 103
108 104
109 105
110 106
111 107
112 108
113 109
114 110
115 111
116 112
117 113
118 114
119 115
120 116
121 117
122 118
123 119
124 120
125 121
126 122
127 123
128 124
129 125
130 126
131 127
132 128
133 129
134 130
135 132
136 133
137 134
138 134
139 135
140 136
141 137
142 138
143 139
144 140
145 141
146 142
147 143
148 144
149 145
150 146
151 147
152 148
153 148
154 149
155 150
156 151
157 152
158 153
159 154
160 155
161 156
162 157
163 158
164 159
165 160
166 161
167 162
168 163
169 164
170 165
171 167
172 168
173 169
174 170
175 171
176 172
177 173
178 174
179 175
180 176
181 177
182 178
183 179
184 180
185 181
186 182
187 183
188 184
189 185
190 186
191 187
192 188
193 189
194 190
195 190
196 191
197 192
198 193
199 194
200 195
201 196
202 197
203 198
204 199
205 200
206 201
207 202
208 203
209 204
210 205
211 206
212 207
213 208
214 209
215 210
216 211
217 212
218 213
219 214
220 215
221 216
222 216
223 217
224 218
225 219
226 220
227 221
228 222
229 223
230 224
231 225
232 226
233 227
234 228
235 229
236 230
237 231
238 232
239 233
240 234
241 235
242 236
243 237
244 238
245 239
246 240
247 241
248 242
249 243
250 244
251 245
252 246
253 247
254 248
255 249
256 250
257 251
258 252
259 253
260 254
261 255
262 256
263 257
264 258
265 259
266 260
267 261
268 262
269 263
270 264
271 265
272 266
273 267
274 268
275 269
276 270
277 271
278 272
279 273
280 274
281 275
282 276
283 277
284 278
285 279
286 279
287 281
288 282
289 282
290 283
291 284
292 285
293 286
294 287
295 288
296 289
297 290
298 291
299 292
300 293
301 295
302 296
303 297
304 298
305 299
306 300
307 301
308 302
309 303
310 304
311 305
312 306
313 307
314 308
315 309
316 310
317 311
318 312
319 313
320 314
321 315
322 316
323 317
324 318
325 319
326 320
327 321
328 322
329 323
330 324
331 325
332 326
333 327
334 328
335 329
336 330
337 331
338 332
339 333
340 334
341 335
342 336
343 337
344 338
345 339
346 340
347 341
348 342
349 343
350 344
351 345
352 346
353 347
354 348
355 348
356 349
357 350
358 351
359 352
360 353
361 354
362 355
363 356
364 357
365 358
366 359
367 360
368 361
369 362
370 363
371 364
372 365
373 366
374 367
375 368
376 369
377 370
378 371
379 372
380 373
381 374
382 375
383 376
384 377
385 378
386 379
387 380
388 381
389 382
390 383
391 384
392 385
393 386
394 387
395 388
396 389
397 390
398 391
399 391
400 392
401 393
402 394
403 395
404 396
405 397
406 398
407 399
408 400
409 401
410 402
411 403
412 404
413 405
414 406
415 407
416 408
417 409
418 410
419 411
420 412
421 413
422 414
423 415
424 416
425 417
426 418
427 419
428 420
429 421
430 422
431 423
432 424
433 425
434 426
435 427
436 428
437 429
438 430
439 431
440 432
441 433
442 434
443 435
444 436
445 437
446 438
447 439
448 440
449 441
450 442
451 443
452 444
453 446
454 447
455 448
456 449
457 450
458 451
459 452
460 453
461 454
462 455
463 456
464 457
465 458
466 459
467 460
468 461
469 462
470 463
471 464
472 465
473 466
474 466
475 467
476 468
477 469
478 470
479 471
480 472
481 473
482 474
483 475
484 476
485 477
486 478
487 479
488 480
489 481
490 482
491 483
492 484
493 484
494 485
495 486
496 487
497 488
498 489
499 490
500 491
501 492
502 493
503 494
504 495
505 497
506 498
507 499
508 500
509 501
510 502
511 503
512 504
513 505
514 506
515 507
516 508
517 509
518 510
519 511
520 512
521 513
522 514
523 515
524 516
525 517
526 518
527 519
528 520
529 521
530 522
531 523
532 525
533 526
534 527
535 528
536 529
537 530
538 531
539 532
540 533
541 534
542 535
543 536
544 537
545 538
546 539
547 540
548 541
549 543
550 544
551 545
552 546
553 547
554 548
555 549
556 550
557 551
558 552
559 553
560 554
561 555
562 556
563 557
564 558
565 559
566 560
567 561
568 562
569 563
570 563
571 564
572 565
573 566
574 567
575 568
576 569
577 570
578 571
579 572
580 573
581 574
582 575
583 576
584 577
585 578
586 579
587 580
588 581
589 582
590 583
591 584
592 585
593 586
594 587
595 588
596 589
597 590
598 591
599 592
600 593
601 594
602 595
603 596
604 597
605 598
606 599
607 599
608 600
609 601
610 602
611 603
612 604
613 605
614 606
615 607
616 608
617 609
618 610
619 611
620 612
621 613
622 614
623 615
624 616
625 617
626 618
627 619
628 620
629 621
630 622
631 623
632 624
633 625
634 626
635 627
636 628
637 629
638 630
639 631
640 632
641 633
642 634
643 635
644 636
645 637
646 638
647 639
648 640
649 641
650 642
651 643
652 644
653 645
654 646
655 647
656 648
657 649
658 650
659 651
660 652
661 653
662 654
663 655
664 656
665 657
666 658
667 659
668 660
669 661
670 662
671 663
672 664
673 665
674 666
675 667
676 668
677 669
678 670
679 671
680 672
681 673
682 674
683 675
684 676
685 678
686 679
686 684
687 679
688 680
689 681
690 682
691 683
692 685
693 687
694 688
695 689
696 690
697 691
698 692
699 693
700 694
701 695
702 696
703 697
704 699
705 700
706 701
707 702
708 703
709 704
710 705
711 706
712 707
713 708
714 709
715 710
716 711
717 712
718 713
719 714
720 715
721 718
722 719
723 720
724 721
725 722
726 723
727 724
728 725
729 726
730 727
731 728
732 729
733 730
734 731
735 732
736 733
737 734
738 735
739 736
740 737
741 738
742 739
743 740
744 741
745 742
746 743
747 744
748 745
749 746
750 747
751 748
752 749
753 750
754 751
755 752
756 753
757 754
758 755
759 756
760 757
761 758
762 759
763 760
764 761
765 762
766 763
767 764
768 765
769 766
770 767
771 768
772 769
773 770
774 771
775 772
776 773
777 774
778 775
779 776
780 777
781 778
782 779
783 780
784 782
785 783
786 784
787 785
788 786
789 787
790 788
791 789
792 790
793 791
794 792
795 793
796 794
797 795
798 796
799 798
800 799
801 800
802 801
803 802
804 803
805 804
806 805
807 806
808 807
809 808
810 809
811 810
812 811
813 812
814 813
815 814
816 815
817 816
818 817
819 818
820 819
821 820
