0 : 1766, 1781, 2033, 
1 : 1781, 1794, 2033, 
2 : 1764, 1766, 2033, 
3 : 1794, 1803, 2033, 
4 : 1762, 1764, 2033, 
5 : 1803, 1815, 2033, 
6 : 1760, 1762, 2033, 
7 : 1815, 1820, 2033, 
8 : 1758, 1760, 2033, 
9 : 1820, 1828, 2033, 
10 : 1756, 1758, 2033, 
11 : 1828, 1836, 2033, 
12 : 1754, 1756, 2033, 
13 : 1836, 1847, 2033, 
14 : 1752, 1754, 2033, 
15 : 1847, 1850, 2033, 
16 : 1737, 1752, 2033, 
17 : 1850, 1861, 2033, 
18 : 1726, 1737, 2033, 
19 : 1861, 1864, 2033, 
20 : 1714, 1726, 2033, 
21 : 1864, 2030, 2033, 
22 : 1709, 1714, 2033, 
23 : 1864, 1867, 2030, 
24 : 1704, 1709, 2033, 
25 : 1867, 1870, 2030, 
26 : 1696, 1704, 2033, 
27 : 1870, 1878, 2030, 
28 : 1685, 1696, 2033, 
29 : 1878, 1889, 2030, 
30 : 1682, 1685, 2033, 
31 : 1889, 1892, 2030, 
32 : 1682, 2033, 2038, 
33 : 1892, 1895, 2030, 
34 : 1679, 1682, 2038, 
35 : 1895, 1898, 2030, 
36 : 1676, 1679, 2038, 
37 : 1898, 1901, 2030, 
38 : 1663, 1676, 2038, 
39 : 1901, 1904, 2030, 
40 : 1663, 2038, 2044, 
41 : 1904, 1917, 2030, 
42 : 1656, 1663, 2044, 
43 : 1917, 1931, 2030, 
44 : 1656, 2044, 2049, 
45 : 1931, 1935, 2030, 
46 : 1645, 1656, 2049, 
47 : 1935, 2555, 2030, 
48 : 1641, 1645, 2049, 
49 : 1935, 2554, 2555, 
50 : 1632, 1641, 2049, 
51 : 1935, 2553, 2554, 
52 : 1632, 2049, 2055, 
53 : 1935, 2552, 2553, 
54 : 1632, 2055, 2060, 
55 : 1935, 2551, 2552, 
56 : 1623, 1632, 2060, 
57 : 1935, 2550, 2551, 
58 : 1623, 2060, 2066, 
59 : 1935, 2549, 2550, 
60 : 1623, 2066, 2071, 
61 : 1935, 2548, 2549, 
62 : 1618, 1623, 2071, 
63 : 1935, 1942, 2548, 
64 : 1613, 1618, 2071, 
65 : 1942, 2547, 2548, 
66 : 1608, 1613, 2071, 
67 : 1942, 2546, 2547, 
68 : 1602, 1608, 2071, 
69 : 1942, 2545, 2546, 
70 : 1602, 2071, 2078, 
71 : 1942, 2544, 2545, 
72 : 1597, 1602, 2078, 
73 : 1942, 2543, 2544, 
74 : 1591, 1597, 2078, 
75 : 1942, 2542, 2543, 
76 : 1585, 1591, 2078, 
77 : 1942, 2541, 2542, 
78 : 1585, 2078, 2088, 
79 : 1942, 2540, 2541, 
80 : 1579, 1585, 2088, 
81 : 1942, 2539, 2540, 
82 : 1572, 1579, 2088, 
83 : 1942, 2538, 2539, 
84 : 1565, 1572, 2088, 
85 : 1942, 2537, 2538, 
86 : 1565, 2088, 2089, 
87 : 1942, 2536, 2537, 
88 : 1565, 2089, 2090, 
89 : 1942, 1945, 2536, 
90 : 1565, 2090, 2091, 
91 : 1945, 2535, 2536, 
92 : 1558, 1565, 2091, 
93 : 1945, 2534, 2535, 
94 : 1558, 2091, 2092, 
95 : 1945, 1948, 2534, 
96 : 1558, 2092, 2093, 
97 : 1948, 2533, 2534, 
98 : 1558, 2093, 2094, 
99 : 1948, 2532, 2533, 
100 : 1558, 2094, 2095, 
101 : 1948, 1951, 2532, 
102 : 1558, 2095, 2096, 
103 : 1951, 2531, 2532, 
104 : 1550, 1558, 2096, 
105 : 1951, 2530, 2531, 
106 : 1550, 2096, 2097, 
107 : 1951, 1954, 2530, 
108 : 1550, 2097, 2098, 
109 : 1954, 2529, 2530, 
110 : 1550, 2098, 2099, 
111 : 1954, 2528, 2529, 
112 : 1550, 2099, 2100, 
113 : 1954, 2527, 2528, 
114 : 1550, 2100, 2101, 
115 : 1954, 1957, 2527, 
116 : 1550, 2101, 2102, 
117 : 1957, 2526, 2527, 
118 : 1541, 1550, 2102, 
119 : 1957, 1983, 2526, 
120 : 1541, 2102, 2103, 
121 : 1983, 2525, 2526, 
122 : 1541, 2103, 2104, 
123 : 1983, 2524, 2525, 
124 : 1541, 2104, 2105, 
125 : 1983, 1988, 2524, 
126 : 1541, 2105, 2106, 
127 : 1988, 2523, 2524, 
128 : 1541, 2106, 2107, 
129 : 1988, 2001, 2523, 
130 : 1541, 2107, 2108, 
131 : 2001, 2522, 2523, 
132 : 1541, 2108, 2109, 
133 : 2001, 2010, 2522, 
134 : 1541, 2109, 2110, 
135 : 2010, 2025, 2522, 
136 : 1532, 1541, 2110, 
137 : 2025, 2026, 2522, 
138 : 1532, 2110, 2111, 
139 : 2026, 2027, 2522, 
140 : 1532, 2111, 2112, 
141 : 2027, 2028, 2522, 
142 : 1532, 2112, 2113, 
143 : 2028, 2029, 2522, 
144 : 1532, 2113, 2114, 
145 : 2029, 2516, 2522, 
146 : 1532, 2114, 2115, 
147 : 2029, 17, 2516, 
148 : 1532, 2115, 2116, 
149 : 17, 2501, 2516, 
150 : 1521, 1532, 2116, 
151 : 17, 18, 2501, 
152 : 1521, 2116, 2117, 
153 : 18, 19, 2501, 
154 : 1521, 2117, 2118, 
155 : 19, 2489, 2501, 
156 : 1521, 2118, 2119, 
157 : 19, 20, 2489, 
158 : 1521, 2119, 2120, 
159 : 20, 21, 2489, 
160 : 1521, 2120, 2121, 
161 : 21, 36, 2489, 
162 : 1521, 2121, 2122, 
163 : 36, 37, 2489, 
164 : 1508, 1521, 2122, 
165 : 37, 38, 2489, 
166 : 1496, 1508, 2122, 
167 : 38, 39, 2489, 
168 : 1496, 2122, 2127, 
169 : 39, 40, 2489, 
170 : 1496, 2127, 1481, 
171 : 40, 41, 2489, 
172 : 1481, 2127, 1480, 
173 : 41, 56, 2489, 
174 : 1480, 2127, 1479, 
175 : 56, 63, 2489, 
176 : 1479, 2127, 1478, 
177 : 63, 70, 2489, 
178 : 1478, 2127, 1477, 
179 : 70, 81, 2489, 
180 : 1477, 2127, 1476, 
181 : 81, 86, 2489, 
182 : 1476, 2127, 1475, 
183 : 86, 110, 2489, 
184 : 1475, 2127, 2131, 
185 : 110, 128, 2489, 
186 : 1475, 2131, 1455, 
187 : 128, 2486, 2489, 
188 : 2131, 1442, 1455, 
189 : 128, 2483, 2486, 
190 : 2131, 1427, 1442, 
191 : 128, 2480, 2483, 
192 : 2131, 1416, 1427, 
193 : 128, 131, 2480, 
194 : 2131, 1407, 1416, 
195 : 131, 2467, 2480, 
196 : 2131, 1403, 1407, 
197 : 131, 134, 2467, 
198 : 2131, 1399, 1403, 
199 : 134, 2460, 2467, 
200 : 2131, 1395, 1399, 
201 : 134, 145, 2460, 
202 : 2131, 1384, 1395, 
203 : 145, 152, 2460, 
204 : 2131, 1377, 1384, 
205 : 152, 173, 2460, 
206 : 2131, 1364, 1377, 
207 : 173, 193, 2460, 
208 : 2131, 1361, 1364, 
209 : 193, 2447, 2460, 
210 : 2131, 1358, 1361, 
211 : 193, 200, 2447, 
212 : 2131, 1344, 1358, 
213 : 200, 2433, 2447, 
214 : 2131, 2133, 1344, 
215 : 200, 209, 2433, 
216 : 2133, 2135, 1344, 
217 : 209, 224, 2433, 
218 : 2135, 2137, 1344, 
219 : 224, 236, 2433, 
220 : 2137, 1314, 1344, 
221 : 236, 253, 2433, 
222 : 2137, 2139, 1282, 1314, 
223 : 253, 262, 2433, 
224 : 2139, 1273, 1282, 
225 : 262, 274, 2433, 
226 : 2139, 1271, 1273, 
227 : 274, 2426, 2433, 
228 : 2139, 1269, 1271, 
229 : 274, 279, 2426, 
230 : 2139, 1267, 1269, 
231 : 279, 284, 2426, 
232 : 2139, 1265, 1267, 
233 : 284, 289, 2426, 
234 : 2139, 1263, 1265, 
235 : 289, 294, 2426, 
236 : 2139, 1261, 1263, 
237 : 294, 302, 2426, 
238 : 2139, 1259, 1261, 
239 : 302, 310, 2426, 
240 : 2139, 1257, 1259, 
241 : 310, 321, 2426, 
242 : 2139, 1255, 1257, 
243 : 321, 332, 2426, 
244 : 2139, 1253, 1255, 
245 : 332, 335, 2426, 
246 : 2139, 1251, 1253, 
247 : 335, 348, 2426, 
248 : 2139, 1249, 1251, 
249 : 348, 2421, 2426, 
250 : 2139, 1232, 1249, 
251 : 348, 2416, 2421, 
252 : 2139, 2142, 1232, 
253 : 348, 351, 2416, 
254 : 2142, 2145, 1232, 
255 : 351, 354, 2416, 
256 : 2145, 2148, 1232, 
257 : 354, 357, 2416, 
258 : 2148, 2151, 1232, 
259 : 357, 360, 2416, 
260 : 2151, 1174, 1232, 
261 : 360, 363, 2416, 
262 : 2151, 1163, 1174, 
263 : 363, 366, 2416, 
264 : 2151, 1159, 1163, 
265 : 366, 2413, 2416, 
266 : 2151, 1155, 1159, 
267 : 366, 369, 2413, 
268 : 2151, 1146, 1155, 
269 : 369, 2410, 2413, 
270 : 2151, 2158, 1146, 
271 : 369, 372, 2410, 
272 : 2158, 1137, 1146, 
273 : 372, 2407, 2410, 
274 : 2158, 2177, 1137, 
275 : 372, 2396, 2407, 
276 : 2177, 2193, 1137, 
277 : 372, 375, 2396, 
278 : 2193, 2198, 1137, 
279 : 375, 378, 2396, 
280 : 2198, 1128, 1137, 
281 : 378, 381, 2396, 
282 : 2198, 1117, 1128, 
283 : 381, 2385, 2396, 
284 : 2198, 1111, 1117, 
285 : 381, 384, 2385, 
286 : 2198, 1104, 1111, 
287 : 384, 387, 2385, 
288 : 2198, 2201, 1104, 
289 : 387, 390, 2385, 
290 : 2201, 1097, 1104, 
291 : 390, 2377, 2385, 
292 : 2201, 1089, 1097, 
293 : 390, 2372, 2377, 
294 : 2201, 1078, 1089, 
295 : 390, 393, 2372, 
296 : 2201, 1063, 1078, 
297 : 393, 396, 2372, 
298 : 2201, 2205, 1063, 
299 : 396, 399, 2372, 
300 : 2205, 1062, 1063, 
301 : 399, 402, 2372, 
302 : 2205, 1061, 1062, 
303 : 402, 405, 2372, 
304 : 2205, 1060, 1061, 
305 : 405, 408, 2372, 
306 : 2205, 1059, 1060, 
307 : 408, 2369, 2372, 
308 : 2205, 2209, 1059, 
309 : 408, 421, 2369, 
310 : 2209, 1058, 1059, 
311 : 421, 2366, 2369, 
312 : 2209, 2213, 1058, 
313 : 421, 2363, 2366, 
314 : 2213, 2217, 1058, 
315 : 421, 424, 2363, 
316 : 2217, 1043, 1058, 
317 : 424, 437, 2363, 
318 : 2217, 1042, 1043, 
319 : 437, 448, 2363, 
320 : 2217, 1041, 1042, 
321 : 448, 463, 2363, 
322 : 2217, 2222, 1041, 
323 : 463, 471, 2363, 
324 : 2222, 1040, 1041, 
325 : 471, 485, 2363, 
326 : 2222, 1039, 1040, 
327 : 485, 486, 2363, 
328 : 2222, 1038, 1039, 
329 : 486, 487, 2363, 
330 : 2222, 1037, 1038, 
331 : 487, 488, 2363, 
332 : 2222, 2227, 1037, 
333 : 488, 489, 2363, 
334 : 2227, 1036, 1037, 
335 : 489, 490, 2363, 
336 : 2227, 1035, 1036, 
337 : 490, 491, 2363, 
338 : 2227, 1034, 1035, 
339 : 491, 492, 2363, 
340 : 2227, 1033, 1034, 
341 : 492, 493, 2363, 
342 : 2227, 1032, 1033, 
343 : 493, 507, 2363, 
344 : 2227, 2232, 1032, 
345 : 507, 515, 2363, 
346 : 2232, 1031, 1032, 
347 : 515, 2356, 2363, 
348 : 2232, 1030, 1031, 
349 : 515, 522, 2356, 
350 : 2232, 1029, 1030, 
351 : 522, 528, 2356, 
352 : 2232, 1028, 1029, 
353 : 528, 533, 2356, 
354 : 2232, 1027, 1028, 
355 : 533, 542, 2356, 
356 : 2232, 1026, 1027, 
357 : 542, 546, 2356, 
358 : 2232, 1011, 1026, 
359 : 546, 557, 2356, 
360 : 2232, 2238, 1011, 
361 : 2356, 557, 2355, 
362 : 2238, 991, 1011, 
363 : 2355, 557, 2354, 
364 : 2238, 986, 991, 
365 : 2354, 557, 2353, 
366 : 2238, 977, 986, 
367 : 2353, 557, 2352, 
368 : 2238, 966, 977, 
369 : 557, 568, 2352, 
370 : 2238, 2245, 966, 
371 : 2352, 568, 2351, 
372 : 2245, 952, 966, 
373 : 2351, 568, 2350, 
374 : 2245, 2253, 952, 
375 : 2350, 568, 2349, 
376 : 2253, 939, 952, 
377 : 2349, 568, 2348, 
378 : 2253, 936, 939, 
379 : 568, 578, 2348, 
380 : 2253, 2261, 936, 
381 : 2348, 578, 2347, 
382 : 2261, 933, 936, 
383 : 2347, 578, 588, 
384 : 2261, 930, 933, 
385 : 2347, 588, 591, 
386 : 2261, 927, 930, 
387 : 2347, 591, 594, 
388 : 2261, 914, 927, 
389 : 2347, 594, 597, 
390 : 2261, 2262, 914, 
391 : 2347, 597, 607, 
392 : 2262, 2263, 914, 
393 : 2347, 607, 610, 
394 : 2263, 911, 914, 
395 : 2347, 610, 613, 
396 : 2263, 2264, 911, 
397 : 2347, 613, 624, 
398 : 2264, 2265, 911, 
399 : 2343, 2347, 624, 
400 : 2265, 2266, 911, 
401 : 2339, 2343, 624, 
402 : 2266, 908, 911, 
403 : 2339, 624, 627, 
404 : 2266, 2267, 908, 
405 : 2339, 627, 630, 
406 : 2267, 2268, 908, 
407 : 2339, 630, 633, 
408 : 2268, 905, 908, 
409 : 2339, 633, 644, 
410 : 2268, 2269, 905, 
411 : 2336, 2339, 644, 
412 : 2269, 2270, 905, 
413 : 2336, 644, 655, 
414 : 2270, 902, 905, 
415 : 2333, 2336, 655, 
416 : 2270, 2271, 902, 
417 : 2330, 2333, 655, 
418 : 2271, 891, 902, 
419 : 2327, 2330, 655, 
420 : 2271, 2272, 891, 
421 : 2327, 655, 663, 
422 : 2272, 2273, 891, 
423 : 2324, 2327, 663, 
424 : 2273, 2274, 891, 
425 : 2321, 2324, 663, 
426 : 2274, 2275, 891, 
427 : 2321, 663, 671, 
428 : 2275, 2276, 891, 
429 : 2318, 2321, 671, 
430 : 2276, 2277, 891, 
431 : 2315, 2318, 671, 
432 : 2277, 2278, 891, 
433 : 2315, 671, 679, 
434 : 2278, 2279, 891, 
435 : 2315, 679, 684, 
436 : 2279, 888, 891, 
437 : 2307, 2315, 684, 
438 : 2279, 885, 888, 
439 : 2307, 684, 692, 
440 : 2279, 874, 885, 
441 : 2307, 692, 697, 
442 : 2279, 866, 874, 
443 : 2307, 697, 702, 
444 : 2279, 858, 866, 
445 : 2302, 2307, 702, 
446 : 2279, 853, 858, 
447 : 2302, 702, 707, 
448 : 2279, 838, 853, 
449 : 2302, 707, 714, 
450 : 2279, 826, 838, 
451 : 2297, 2302, 714, 
452 : 2279, 817, 826, 
453 : 2297, 714, 721, 
454 : 2279, 802, 817, 
455 : 2290, 2297, 721, 
456 : 2279, 787, 802, 
457 : 2290, 721, 728, 
458 : 2279, 785, 787, 
459 : 2290, 728, 739, 
460 : 2279, 783, 785, 
461 : 2283, 2290, 739, 
462 : 2279, 768, 783, 
463 : 2283, 739, 754, 
464 : 2279, 2281, 768, 
465 : 2283, 754, 756, 
466 : 2281, 766, 768, 
467 : 2283, 756, 758, 
468 : 2281, 2283, 766, 
469 : 2283, 758, 760, 
470 : 2283, 764, 766, 
471 : 2283, 760, 762, 
472 : 2283, 762, 764, 
