%points
219 12
220 12
221 12
221 13
221 14
221 15
221 16
221 17
221 18
222 18
222 19
222 20
222 21
222 22
222 23
222 24
223 24
223 25
223 26
223 27
223 28
223 29
223 30
224 30
224 31
224 32
224 33
224 34
224 35
224 36
225 36
225 37
225 38
225 39
225 40
225 41
225 42
226 42
226 43
226 44
226 45
226 46
226 47
226 48
227 48
227 49
227 50
227 51
227 52
227 53
227 54
228 54
228 55
228 56
228 57
228 58
228 59
228 60
228 61
229 61
229 62
229 63
229 64
229 65
229 66
229 67
230 67
230 68
230 69
230 70
230 71
230 72
230 73
231 73
231 74
231 75
231 76
231 77
231 78
231 79
232 79
232 80
232 81
232 82
232 83
232 84
232 85
233 85
233 86
233 87
233 88
233 89
233 90
233 91
234 91
234 92
234 93
234 94
234 95
234 96
234 97
235 97
235 98
235 99
235 100
235 101
235 102
235 103
236 103
236 104
236 105
236 106
236 107
236 108
236 109
237 109
237 110
238 110
238 111
239 111
239 112
240 112
240 113
241 113
241 112
242 112
243 112
243 111
244 111
245 111
246 111
246 110
247 110
248 110
248 109
249 109
250 109
250 108
251 108
252 108
252 107
253 107
254 107
255 107
255 106
256 106
257 106
257 105
258 105
259 105
259 104
260 104
261 104
262 104
262 103
263 103
264 103
264 102
265 102
266 102
266 101
267 101
268 101
268 100
269 100
270 100
271 100
271 99
272 99
273 99
273 98
274 98
275 98
275 97
276 97
277 97
277 96
278 96
279 96
280 96
280 95
281 95
282 95
282 94
283 94
284 94
284 93
285 93
286 93
286 92
287 92
288 92
289 92
289 91
290 91
291 91
291 90
292 90
293 90
293 89
294 89
295 89
295 88
296 88
297 88
298 88
298 87
299 87
300 87
300 86
301 86
302 86
302 85
303 85
304 85
304 84
305 84
306 84
307 84
307 83
308 83
309 83
309 82
310 82
311 82
311 81
312 81
313 81
314 81
314 80
315 80
316 80
316 79
317 79
318 79
318 78
319 78
320 78
320 77
321 77
322 77
323 77
323 76
324 76
325 76
325 75
326 75
327 75
327 74
328 74
329 74
329 73
330 73
331 73
331 74
330 74
330 75
330 76
329 76
329 77
328 77
328 78
328 79
327 79
327 80
326 80
326 81
325 81
325 82
325 83
324 83
324 84
323 84
323 85
323 86
322 86
322 87
321 87
321 88
320 88
320 89
320 90
319 90
319 91
318 91
318 92
318 93
317 93
317 94
316 94
316 95
315 95
315 96
315 97
314 97
314 98
313 98
313 99
313 100
312 100
312 101
311 101
311 102
310 102
310 103
310 104
309 104
309 105
308 105
308 106
308 107
307 107
307 108
306 108
306 109
305 109
305 110
305 111
304 111
304 112
303 112
303 113
303 114
302 114
302 115
301 115
301 116
300 116
300 117
300 118
299 118
299 119
298 119
298 120
297 120
297 121
297 122
296 122
296 123
295 123
295 124
295 125
294 125
294 126
293 126
293 127
292 127
292 128
292 129
291 129
291 130
290 130
290 131
290 132
289 132
289 133
288 133
288 134
287 134
287 135
287 136
286 136
286 137
285 137
285 138
285 139
284 139
284 140
283 140
283 141
282 141
282 142
282 143
281 143
281 144
280 144
280 145
280 146
279 146
279 147
278 147
278 148
277 148
277 149
277 150
276 150
276 151
275 151
275 152
275 153
274 153
274 154
273 154
273 155
272 155
272 156
272 157
273 157
273 158
274 158
274 159
275 159
275 160
276 160
277 160
278 160
278 161
279 161
280 161
280 162
281 162
282 162
283 162
283 163
284 163
285 163
285 164
286 164
287 164
288 164
288 165
289 165
290 165
291 165
291 166
292 166
293 166
293 167
294 167
295 167
296 167
296 168
297 168
298 168
298 169
299 169
300 169
301 169
301 170
302 170
303 170
303 171
304 171
305 171
306 171
306 172
307 172
308 172
309 172
309 173
310 173
311 173
311 174
312 174
313 174
314 174
314 175
315 175
316 175
316 176
317 176
318 176
319 176
319 177
320 177
321 177
322 177
322 178
323 178
324 178
324 179
325 179
326 179
327 179
327 180
328 180
329 180
329 181
330 181
331 181
332 181
332 182
333 182
334 182
334 183
335 183
336 183
337 183
337 184
338 184
339 184
340 184
340 185
341 185
342 185
342 186
343 186
344 186
345 186
345 187
346 187
347 187
347 188
348 188
349 188
350 188
350 189
351 189
352 189
353 189
353 190
354 190
355 190
355 191
356 191
357 191
358 191
358 192
359 192
360 192
360 193
361 193
362 193
363 193
363 194
364 194
365 194
366 194
366 195
366 196
365 196
364 196
363 196
362 196
361 196
360 196
360 197
359 197
358 197
357 197
356 197
355 197
354 197
353 197
353 198
352 198
351 198
350 198
349 198
348 198
347 198
347 199
346 199
345 199
344 199
343 199
342 199
341 199
341 200
340 200
339 200
338 200
337 200
336 200
335 200
335 201
334 201
333 201
332 201
331 201
330 201
329 201
329 202
328 202
327 202
326 202
325 202
324 202
323 202
323 203
322 203
321 203
320 203
319 203
318 203
317 203
317 204
316 204
315 204
314 204
313 204
312 204
311 204
311 205
310 205
309 205
308 205
307 205
306 205
305 205
305 206
304 206
303 206
302 206
301 206
300 206
299 206
299 207
298 207
297 207
296 207
295 207
294 207
293 207
293 208
292 208
291 208
290 208
289 208
288 208
287 208
287 209
286 209
285 209
284 209
283 209
282 209
281 209
281 210
280 210
279 210
278 210
277 210
276 210
275 210
275 211
274 211
273 211
272 211
271 211
270 211
269 211
269 212
268 212
268 213
267 213
267 214
266 214
266 215
265 215
265 216
265 217
266 217
266 218
266 219
267 219
267 220
267 221
268 221
268 222
268 223
268 224
269 224
269 225
269 226
270 226
270 227
270 228
271 228
271 229
271 230
271 231
272 231
272 232
272 233
273 233
273 234
273 235
274 235
274 236
274 237
275 237
275 238
275 239
275 240
276 240
276 241
276 242
277 242
277 243
277 244
278 244
278 245
278 246
279 246
279 247
279 248
279 249
280 249
280 250
280 251
281 251
281 252
281 253
282 253
282 254
282 255
283 255
283 256
283 257
283 258
284 258
284 259
284 260
285 260
285 261
285 262
286 262
286 263
286 264
287 264
287 265
287 266
287 267
288 267
288 268
288 269
289 269
289 270
289 271
290 271
290 272
290 273
291 273
291 274
291 275
291 276
292 276
292 277
292 278
293 278
293 279
293 280
294 280
294 281
294 282
295 282
295 283
295 284
295 285
296 285
296 286
296 287
297 287
297 288
297 289
298 289
298 290
298 291
298 292
299 292
299 293
299 294
300 294
300 295
300 296
301 296
301 297
301 298
302 298
302 299
302 300
302 301
303 301
303 302
303 303
304 303
304 304
304 305
305 305
305 306
304 306
303 306
303 305
302 305
302 304
301 304
300 304
300 303
299 303
299 302
298 302
298 301
297 301
296 301
296 300
295 300
295 299
294 299
293 299
293 298
292 298
292 297
291 297
291 296
290 296
289 296
289 295
288 295
288 294
287 294
286 294
286 293
285 293
285 292
284 292
284 291
283 291
282 291
282 290
281 290
281 289
280 289
280 288
279 288
278 288
278 287
277 287
277 286
276 286
275 286
275 285
274 285
274 284
273 284
273 283
272 283
271 283
271 282
270 282
270 281
269 281
268 281
268 280
267 280
267 279
266 279
266 278
265 278
264 278
264 277
263 277
263 276
262 276
261 276
261 275
260 275
260 274
259 274
259 273
258 273
257 273
257 272
256 272
256 271
255 271
254 271
254 270
253 270
253 269
252 269
252 268
251 268
250 268
250 267
249 267
249 266
248 266
247 266
247 265
246 265
246 264
245 264
245 263
244 263
243 263
243 262
242 262
242 261
241 261
240 261
240 260
239 260
239 259
238 259
238 258
237 258
236 258
236 257
235 257
235 256
234 256
233 256
233 255
232 255
232 254
231 254
231 253
230 253
229 253
229 252
228 252
228 251
227 251
226 251
226 250
225 250
225 249
224 249
224 248
223 248
222 248
222 247
221 247
221 248
220 248
220 249
219 249
219 250
218 250
218 251
218 252
217 252
217 253
217 254
216 254
216 255
216 256
216 257
215 257
215 258
215 259
214 259
214 260
214 261
214 262
213 262
213 263
213 264
213 265
212 265
212 266
212 267
211 267
211 268
211 269
211 270
210 270
210 271
210 272
209 272
209 273
209 274
209 275
208 275
208 276
208 277
208 278
207 278
207 279
207 280
206 280
206 281
206 282
206 283
205 283
205 284
205 285
204 285
204 286
204 287
204 288
203 288
203 289
203 290
202 290
202 291
202 292
202 293
201 293
201 294
201 295
201 296
200 296
200 297
200 298
199 298
199 299
199 300
199 301
198 301
198 302
198 303
197 303
197 304
197 305
197 306
196 306
196 307
196 308
196 309
195 309
195 310
195 311
194 311
194 312
194 313
194 314
193 314
193 315
193 316
192 316
192 317
192 318
192 319
191 319
191 320
191 321
191 322
190 322
190 323
190 324
189 324
189 325
189 326
189 327
188 327
188 328
188 329
187 329
187 330
187 331
187 332
186 332
186 333
186 334
185 334
185 335
185 336
185 337
184 337
184 338
184 339
184 340
183 340
183 341
182 341
182 340
182 339
182 338
182 337
181 337
181 336
181 335
181 334
181 333
181 332
181 331
181 330
180 330
180 329
180 328
180 327
180 326
180 325
180 324
179 324
179 323
179 322
179 321
179 320
179 319
179 318
178 318
178 317
178 316
178 315
178 314
178 313
178 312
177 312
177 311
177 310
177 309
177 308
177 307
177 306
176 306
176 305
176 304
176 303
176 302
176 301
176 300
175 300
175 299
175 298
175 297
175 296
175 295
175 294
174 294
174 293
174 292
174 291
174 290
174 289
174 288
173 288
173 287
173 286
173 285
173 284
173 283
173 282
172 282
172 281
172 280
172 279
172 278
172 277
172 276
171 276
171 275
171 274
171 273
171 272
171 271
171 270
170 270
170 269
170 268
170 267
170 266
170 265
170 264
169 264
169 263
169 262
169 261
169 260
169 259
169 258
168 258
168 257
168 256
168 255
168 254
168 253
168 252
167 252
167 251
167 250
167 249
167 248
167 247
167 246
166 246
166 245
166 244
166 243
165 243
165 242
164 242
164 241
163 241
163 240
162 240
161 240
161 241
160 241
159 241
158 241
158 242
157 242
156 242
156 243
155 243
154 243
154 244
153 244
152 244
152 245
151 245
150 245
149 245
149 246
148 246
147 246
147 247
146 247
145 247
145 248
144 248
143 248
143 249
142 249
141 249
140 249
140 250
139 250
138 250
138 251
137 251
136 251
136 252
135 252
134 252
134 253
133 253
132 253
131 253
131 254
130 254
129 254
129 255
128 255
127 255
127 256
126 256
125 256
125 257
124 257
123 257
122 257
122 258
121 258
120 258
120 259
119 259
118 259
118 260
117 260
116 260
116 261
115 261
114 261
113 261
113 262
112 262
111 262
111 263
110 263
109 263
109 264
108 264
107 264
106 264
106 265
105 265
104 265
104 266
103 266
102 266
102 267
101 267
100 267
100 268
99 268
98 268
97 268
97 269
96 269
95 269
95 270
94 270
93 270
93 271
92 271
91 271
91 272
90 272
89 272
88 272
88 273
87 273
86 273
86 274
85 274
84 274
84 275
83 275
82 275
82 276
81 276
80 276
79 276
79 277
78 277
77 277
77 278
76 278
75 278
75 279
74 279
73 279
73 280
72 280
71 280
71 279
72 279
72 278
73 278
73 277
73 276
74 276
74 275
75 275
75 274
76 274
76 273
76 272
77 272
77 271
78 271
78 270
78 269
79 269
79 268
80 268
80 267
81 267
81 266
81 265
82 265
82 264
83 264
83 263
83 262
84 262
84 261
85 261
85 260
86 260
86 259
86 258
87 258
87 257
88 257
88 256
88 255
89 255
89 254
90 254
90 253
91 253
91 252
91 251
92 251
92 250
93 250
93 249
93 248
94 248
94 247
95 247
95 246
96 246
96 245
96 244
97 244
97 243
98 243
98 242
98 241
99 241
99 240
100 240
100 239
101 239
101 238
101 237
102 237
102 236
103 236
103 235
103 234
104 234
104 233
105 233
105 232
106 232
106 231
106 230
107 230
107 229
108 229
108 228
109 228
109 227
109 226
110 226
110 225
111 225
111 224
111 223
112 223
112 222
113 222
113 221
114 221
114 220
114 219
115 219
115 218
116 218
116 217
116 216
117 216
117 215
118 215
118 214
119 214
119 213
119 212
120 212
120 211
121 211
121 210
121 209
122 209
122 208
123 208
123 207
124 207
124 206
124 205
125 205
125 204
126 204
126 203
126 202
127 202
127 201
128 201
128 200
129 200
129 199
129 198
130 198
130 197
131 197
131 196
130 196
130 195
129 195
129 194
128 194
128 193
127 193
126 193
126 192
125 192
124 192
123 192
123 191
122 191
121 191
121 190
120 190
119 190
118 190
118 189
117 189
116 189
116 188
115 188
114 188
113 188
113 187
112 187
111 187
110 187
110 186
109 186
108 186
108 185
107 185
106 185
105 185
105 184
104 184
103 184
103 183
102 183
101 183
100 183
100 182
99 182
98 182
98 181
97 181
96 181
95 181
95 180
94 180
93 180
92 180
92 179
91 179
90 179
90 178
89 178
88 178
87 178
87 177
86 177
85 177
85 176
84 176
83 176
82 176
82 175
81 175
80 175
79 175
79 174
78 174
77 174
77 173
76 173
75 173
74 173
74 172
73 172
72 172
72 171
71 171
70 171
69 171
69 170
68 170
67 170
66 170
66 169
65 169
64 169
64 168
63 168
62 168
61 168
61 167
60 167
59 167
59 166
58 166
57 166
56 166
56 165
55 165
54 165
54 164
53 164
52 164
51 164
51 163
50 163
49 163
48 163
48 162
47 162
46 162
46 161
45 161
44 161
43 161
43 160
42 160
41 160
41 159
40 159
39 159
38 159
38 158
37 158
36 158
36 157
37 157
38 157
39 157
40 157
41 157
41 156
42 156
43 156
44 156
45 156
46 156
47 156
47 155
48 155
49 155
50 155
51 155
52 155
53 155
53 154
54 154
55 154
56 154
57 154
58 154
59 154
59 153
60 153
61 153
62 153
63 153
64 153
65 153
65 152
66 152
67 152
68 152
69 152
70 152
71 152
71 151
72 151
73 151
74 151
75 151
76 151
77 151
77 150
78 150
79 150
80 150
81 150
82 150
83 150
83 149
84 149
85 149
86 149
87 149
88 149
89 149
90 149
90 148
91 148
92 148
93 148
94 148
95 148
96 148
96 147
97 147
98 147
99 147
100 147
101 147
102 147
102 146
103 146
104 146
105 146
106 146
107 146
108 146
108 145
109 145
110 145
111 145
112 145
113 145
114 145
114 144
115 144
116 144
117 144
118 144
119 144
120 144
120 143
121 143
122 143
123 143
124 143
125 143
126 143
126 142
127 142
128 142
129 142
130 142
131 142
132 142
132 141
133 141
134 141
135 141
135 140
136 140
136 139
137 139
137 138
138 138
138 137
138 136
137 136
137 135
137 134
136 134
136 133
136 132
135 132
135 131
135 130
134 130
134 129
134 128
134 127
133 127
133 126
133 125
132 125
132 124
132 123
131 123
131 122
131 121
130 121
130 120
130 119
130 118
129 118
129 117
129 116
128 116
128 115
128 114
127 114
127 113
127 112
126 112
126 111
126 110
126 109
125 109
125 108
125 107
124 107
124 106
124 105
123 105
123 104
123 103
122 103
122 102
122 101
122 100
121 100
121 99
121 98
120 98
120 97
120 96
119 96
119 95
119 94
118 94
118 93
118 92
118 91
117 91
117 90
117 89
116 89
116 88
116 87
115 87
115 86
115 85
114 85
114 84
114 83
114 82
113 82
113 81
113 80
112 80
112 79
112 78
111 78
111 77
111 76
111 75
110 75
110 74
110 73
109 73
109 72
109 71
108 71
108 70
108 69
107 69
107 68
107 67
107 66
106 66
106 65
106 64
105 64
105 63
105 62
104 62
104 61
104 60
103 60
103 59
103 58
103 57
102 57
102 56
102 55
101 55
101 54
101 53
100 53
100 52
100 51
99 51
99 50
99 49
99 48
98 48
98 47
98 46
99 46
99 47
100 47
100 48
101 48
101 49
102 49
103 49
103 50
104 50
104 51
105 51
105 52
106 52
107 52
107 53
108 53
108 54
109 54
110 54
110 55
111 55
111 56
112 56
112 57
113 57
114 57
114 58
115 58
115 59
116 59
117 59
117 60
118 60
118 61
119 61
119 62
120 62
121 62
121 63
122 63
122 64
123 64
124 64
124 65
125 65
125 66
126 66
126 67
127 67
128 67
128 68
129 68
129 69
130 69
131 69
131 70
132 70
132 71
133 71
133 72
134 72
135 72
135 73
136 73
136 74
137 74
138 74
138 75
139 75
139 76
140 76
140 77
141 77
142 77
142 78
143 78
143 79
144 79
145 79
145 80
146 80
146 81
147 81
147 82
148 82
149 82
149 83
150 83
150 84
151 84
152 84
152 85
153 85
153 86
154 86
154 87
155 87
156 87
156 88
157 88
157 89
158 89
159 89
159 90
160 90
160 91
161 91
161 92
162 92
163 92
163 93
164 93
164 94
165 94
165 95
166 95
167 95
167 96
168 96
168 97
169 97
170 97
170 98
171 98
171 99
172 99
172 100
173 100
174 100
174 101
175 101
175 102
176 102
177 102
177 103
178 103
178 104
179 104
179 105
180 105
181 105
181 106
182 106
182 105
183 105
183 104
184 104
184 103
185 103
185 102
185 101
185 100
186 100
186 99
186 98
186 97
187 97
187 96
187 95
188 95
188 94
188 93
188 92
189 92
189 91
189 90
190 90
190 89
190 88
190 87
191 87
191 86
191 85
192 85
192 84
192 83
192 82
193 82
193 81
193 80
193 79
194 79
194 78
194 77
195 77
195 76
195 75
195 74
196 74
196 73
196 72
197 72
197 71
197 70
197 69
198 69
198 68
198 67
198 66
199 66
199 65
199 64
200 64
200 63
200 62
200 61
201 61
201 60
201 59
202 59
202 58
202 57
202 56
203 56
203 55
203 54
204 54
204 53
204 52
204 51
205 51
205 50
205 49
205 48
206 48
206 47
206 46
207 46
207 45
207 44
207 43
208 43
208 42
208 41
209 41
209 40
209 39
209 38
210 38
210 37
210 36
210 35
211 35
211 34
211 33
212 33
212 32
212 31
212 30
213 30
213 29
213 28
214 28
214 27
214 26
214 25
215 25
215 24
215 23
215 22
216 22
216 21
216 20
217 20
217 19
217 18
217 17
218 17
218 16
218 15
219 15
219 14
219 13
207 118
207 119
206 119
206 120
205 120
205 121
204 121
204 122
204 123
204 124
203 124
203 125
203 126
202 126
202 127
202 128
202 129
201 129
201 130
201 131
201 132
200 132
200 133
200 134
199 134
199 135
199 136
199 137
198 137
198 138
198 139
197 139
197 140
197 141
197 142
196 142
196 143
196 144
195 144
195 145
195 146
195 147
194 147
194 148
193 148
193 147
192 147
191 147
191 146
190 146
190 145
189 145
189 144
188 144
187 144
187 143
186 143
186 142
185 142
184 142
184 141
183 141
183 140
182 140
182 139
181 139
180 139
180 138
179 138
179 137
178 137
177 137
177 136
176 136
176 135
175 135
175 134
174 134
173 134
173 133
172 133
172 132
171 132
170 132
170 131
169 131
169 130
168 130
168 129
167 129
166 129
166 130
165 130
165 131
164 131
164 132
163 132
163 133
164 133
164 134
164 135
165 135
165 136
165 137
166 137
166 138
166 139
167 139
167 140
167 141
167 142
168 142
168 143
168 144
169 144
169 145
169 146
170 146
170 147
170 148
170 149
171 149
171 150
171 151
172 151
172 152
172 153
173 153
173 154
173 155
174 155
174 156
174 157
174 158
175 158
175 159
175 160
176 160
176 161
176 162
175 162
174 162
173 162
172 162
172 163
171 163
170 163
169 163
168 163
167 163
166 163
166 164
165 164
164 164
163 164
162 164
161 164
160 164
160 165
159 165
158 165
157 165
156 165
155 165
154 165
154 166
153 166
152 166
151 166
150 166
149 166
148 166
148 167
147 167
147 168
146 168
146 169
145 169
145 170
144 170
144 171
145 171
145 172
146 172
146 173
147 173
147 174
148 174
149 174
150 174
150 175
151 175
152 175
152 176
153 176
154 176
155 176
155 177
156 177
157 177
157 178
158 178
159 178
160 178
160 179
161 179
162 179
163 179
163 180
164 180
165 180
165 181
166 181
167 181
168 181
168 182
169 182
170 182
170 183
171 183
172 183
173 183
173 184
173 185
172 185
172 186
171 186
171 187
171 188
170 188
170 189
169 189
169 190
168 190
168 191
168 192
167 192
167 193
166 193
166 194
166 195
165 195
165 196
164 196
164 197
163 197
163 198
163 199
162 199
162 200
161 200
161 201
161 202
160 202
160 203
159 203
159 204
158 204
158 205
158 206
157 206
157 207
156 207
156 208
156 209
155 209
155 210
154 210
154 211
153 211
153 212
154 212
154 213
155 213
155 214
156 214
156 215
157 215
157 214
158 214
159 214
159 213
160 213
161 213
161 212
162 212
163 212
164 212
164 211
165 211
166 211
166 210
167 210
168 210
168 209
169 209
170 209
170 208
171 208
172 208
173 208
173 207
174 207
175 207
175 206
176 206
177 206
177 205
178 205
179 205
180 205
180 204
181 204
182 204
182 203
183 203
184 203
184 202
185 202
186 202
187 202
187 203
187 204
187 205
187 206
188 206
188 207
188 208
188 209
188 210
188 211
188 212
189 212
189 213
189 214
189 215
189 216
189 217
189 218
190 218
190 219
190 220
190 221
190 222
190 223
190 224
191 224
191 225
191 226
191 227
191 228
191 229
191 230
192 230
192 231
193 231
193 232
194 232
194 233
195 233
195 234
196 234
196 233
197 233
197 232
198 232
198 231
199 231
199 230
199 229
199 228
200 228
200 227
200 226
200 225
201 225
201 224
201 223
202 223
202 222
202 221
202 220
203 220
203 219
203 218
204 218
204 217
204 216
204 215
205 215
205 214
205 213
206 213
206 212
206 211
206 210
207 210
207 209
207 208
207 207
208 207
208 206
208 205
209 205
210 205
210 206
211 206
212 206
212 207
213 207
213 208
214 208
215 208
215 209
216 209
216 210
217 210
217 211
218 211
219 211
219 212
220 212
220 213
221 213
222 213
222 214
223 214
223 215
224 215
224 216
225 216
226 216
226 217
227 217
227 218
228 218
228 219
229 219
230 219
230 220
231 220
231 221
232 221
233 221
233 222
234 222
234 223
235 223
235 224
236 224
236 223
237 223
237 222
238 222
238 221
239 221
239 220
239 219
239 218
238 218
238 217
238 216
237 216
237 215
237 214
236 214
236 213
236 212
235 212
235 211
235 210
235 209
234 209
234 208
234 207
233 207
233 206
233 205
232 205
232 204
232 203
231 203
231 202
231 201
231 200
230 200
230 199
230 198
229 198
229 197
229 196
228 196
228 195
228 194
227 194
227 193
227 192
227 191
228 191
229 191
229 190
230 190
231 190
232 190
233 190
234 190
235 190
235 189
236 189
237 189
238 189
239 189
240 189
241 189
241 188
242 188
243 188
244 188
245 188
246 188
247 188
247 187
248 187
249 187
250 187
251 187
252 187
253 187
253 186
254 186
255 186
256 186
256 185
257 185
257 184
258 184
258 183
259 183
259 182
258 182
258 181
257 181
257 180
256 180
256 179
255 179
254 179
254 178
253 178
252 178
251 178
251 177
250 177
249 177
249 176
248 176
247 176
246 176
246 175
245 175
244 175
244 174
243 174
242 174
241 174
241 173
240 173
239 173
238 173
238 172
237 172
236 172
236 171
235 171
234 171
233 171
233 170
232 170
231 170
231 169
230 169
230 168
230 167
231 167
231 166
232 166
232 165
233 165
233 164
233 163
234 163
234 162
235 162
235 161
235 160
236 160
236 159
237 159
237 158
238 158
238 157
238 156
239 156
239 155
240 155
240 154
240 153
241 153
241 152
242 152
242 151
243 151
243 150
243 149
244 149
244 148
245 148
245 147
245 146
246 146
246 145
247 145
247 144
248 144
248 143
248 142
249 142
249 141
248 141
248 140
247 140
247 139
246 139
246 138
245 138
245 139
244 139
243 139
243 140
242 140
241 140
240 140
240 141
239 141
238 141
238 142
237 142
236 142
236 143
235 143
234 143
234 144
233 144
232 144
231 144
231 145
230 145
229 145
229 146
228 146
227 146
227 147
226 147
225 147
225 148
224 148
223 148
222 148
222 149
221 149
220 149
220 150
219 150
218 150
218 151
217 151
216 151
216 150
216 149
215 149
215 148
215 147
215 146
215 145
215 144
215 143
214 143
214 142
214 141
214 140
214 139
214 138
214 137
213 137
213 136
213 135
213 134
213 133
213 132
213 131
212 131
212 130
212 129
212 128
212 127
212 126
212 125
211 125
211 124
211 123
211 122
211 121
210 121
210 120
209 120
209 119
208 119
208 118

%edges
0 1
1 2
2 3
3 4
4 5
5 6
6 7
7 8
8 9
9 10
10 11
11 12
12 13
13 14
14 15
15 16
16 17
17 18
18 19
19 20
20 21
21 22
22 23
23 24
24 25
25 26
26 27
27 28
28 29
29 30
30 31
31 32
32 33
33 34
34 35
35 36
36 37
37 38
38 39
39 40
40 41
41 42
42 43
43 44
44 45
45 46
46 47
47 48
48 49
49 50
50 51
51 52
52 53
53 54
54 55
55 56
56 57
57 58
58 59
59 60
60 61
61 62
62 63
63 64
64 65
65 66
66 67
67 68
68 69
69 70
70 71
71 72
72 73
73 74
74 75
75 76
76 77
77 78
78 79
79 80
80 81
81 82
82 83
83 84
84 85
85 86
86 87
87 88
88 89
89 90
90 91
91 92
92 93
93 94
94 95
95 96
96 97
97 98
98 99
99 100
100 101
101 102
102 103
103 104
104 105
105 106
106 107
107 108
108 109
109 110
110 111
111 112
112 113
113 114
114 115
115 116
116 117
117 118
118 119
119 120
120 121
121 122
122 123
123 124
124 125
125 126
126 127
127 128
128 129
129 130
130 131
131 132
132 133
133 134
134 135
135 136
136 137
137 138
138 139
139 140
140 141
141 142
142 143
143 144
144 145
145 146
146 147
147 148
148 149
149 150
150 151
151 152
152 153
153 154
154 155
155 156
156 157
157 158
158 159
159 160
160 161
161 162
162 163
163 164
164 165
165 166
166 167
167 168
168 169
169 170
170 171
171 172
172 173
173 174
174 175
175 176
176 177
177 178
178 179
179 180
180 181
181 182
182 183
183 184
184 185
185 186
186 187
187 188
188 189
189 190
190 191
191 192
192 193
193 194
194 195
195 196
196 197
197 198
198 199
199 200
200 201
201 202
202 203
203 204
204 205
205 206
206 207
207 208
208 209
209 210
210 211
211 212
212 213
213 214
214 215
215 216
216 217
217 218
218 219
219 220
220 221
221 222
222 223
223 224
224 225
225 226
226 227
227 228
228 229
229 230
230 231
231 232
232 233
233 234
234 235
235 236
236 237
237 238
238 239
239 240
240 241
241 242
242 243
243 244
244 245
245 246
246 247
247 248
248 249
249 250
250 251
251 252
252 253
253 254
254 255
255 256
256 257
257 258
258 259
259 260
260 261
261 262
262 263
263 264
264 265
265 266
266 267
267 268
268 269
269 270
270 271
271 272
272 273
273 274
274 275
275 276
276 277
277 278
278 279
279 280
280 281
281 282
282 283
283 284
284 285
285 286
286 287
287 288
288 289
289 290
290 291
291 292
292 293
293 294
294 295
295 296
296 297
297 298
298 299
299 300
300 301
301 302
302 303
303 304
304 305
305 306
306 307
307 308
308 309
309 310
310 311
311 312
312 313
313 314
314 315
315 316
316 317
317 318
318 319
319 320
320 321
321 322
322 323
323 324
324 325
325 326
326 327
327 328
328 329
329 330
330 331
331 332
332 333
333 334
334 335
335 336
336 337
337 338
338 339
339 340
340 341
341 342
342 343
343 344
344 345
345 346
346 347
347 348
348 349
349 350
350 351
351 352
352 353
353 354
354 355
355 356
356 357
357 358
358 359
359 360
360 361
361 362
362 363
363 364
364 365
365 366
366 367
367 368
368 369
369 370
370 371
371 372
372 373
373 374
374 375
375 376
376 377
377 378
378 379
379 380
380 381
381 382
382 383
383 384
384 385
385 386
386 387
387 388
388 389
389 390
390 391
391 392
392 393
393 394
394 395
395 396
396 397
397 398
398 399
399 400
400 401
401 402
402 403
403 404
404 405
405 406
406 407
407 408
408 409
409 410
410 411
411 412
412 413
413 414
414 415
415 416
416 417
417 418
418 419
419 420
420 421
421 422
422 423
423 424
424 425
425 426
426 427
427 428
428 429
429 430
430 431
431 432
432 433
433 434
434 435
435 436
436 437
437 438
438 439
439 440
440 441
441 442
442 443
443 444
444 445
445 446
446 447
447 448
448 449
449 450
450 451
451 452
452 453
453 454
454 455
455 456
456 457
457 458
458 459
459 460
460 461
461 462
462 463
463 464
464 465
465 466
466 467
467 468
468 469
469 470
470 471
471 472
472 473
473 474
474 475
475 476
476 477
477 478
478 479
479 480
480 481
481 482
482 483
483 484
484 485
485 486
486 487
487 488
488 489
489 490
490 491
491 492
492 493
493 494
494 495
495 496
496 497
497 498
498 499
499 500
500 501
501 502
502 503
503 504
504 505
505 506
506 507
507 508
508 509
509 510
510 511
511 512
512 513
513 514
514 515
515 516
516 517
517 518
518 519
519 520
520 521
521 522
522 523
523 524
524 525
525 526
526 527
527 528
528 529
529 530
530 531
531 532
532 533
533 534
534 535
535 536
536 537
537 538
538 539
539 540
540 541
541 542
542 543
543 544
544 545
545 546
546 547
547 548
548 549
549 550
550 551
551 552
552 553
553 554
554 555
555 556
556 557
557 558
558 559
559 560
560 561
561 562
562 563
563 564
564 565
565 566
566 567
567 568
568 569
569 570
570 571
571 572
572 573
573 574
574 575
575 576
576 577
577 578
578 579
579 580
580 581
581 582
582 583
583 584
584 585
585 586
586 587
587 588
588 589
589 590
590 591
591 592
592 593
593 594
594 595
595 596
596 597
597 598
598 599
599 600
600 601
601 602
602 603
603 604
604 605
605 606
606 607
607 608
608 609
609 610
610 611
611 612
612 613
613 614
614 615
615 616
616 617
617 618
618 619
619 620
620 621
621 622
622 623
623 624
624 625
625 626
626 627
627 628
628 629
629 630
630 631
631 632
632 633
633 634
634 635
635 636
636 637
637 638
638 639
639 640
640 641
641 642
642 643
643 644
644 645
645 646
646 647
647 648
648 649
649 650
650 651
651 652
652 653
653 654
654 655
655 656
656 657
657 658
658 659
659 660
660 661
661 662
662 663
663 664
664 665
665 666
666 667
667 668
668 669
669 670
670 671
671 672
672 673
673 674
674 675
675 676
676 677
677 678
678 679
679 680
680 681
681 682
682 683
683 684
684 685
685 686
686 687
687 688
688 689
689 690
690 691
691 692
692 693
693 694
694 695
695 696
696 697
697 698
698 699
699 700
700 701
701 702
702 703
703 704
704 705
705 706
706 707
707 708
708 709
709 710
710 711
711 712
712 713
713 714
714 715
715 716
716 717
717 718
718 719
719 720
720 721
721 722
722 723
723 724
724 725
725 726
726 727
727 728
728 729
729 730
730 731
731 732
732 733
733 734
734 735
735 736
736 737
737 738
738 739
739 740
740 741
741 742
742 743
743 744
744 745
745 746
746 747
747 748
748 749
749 750
750 751
751 752
752 753
753 754
754 755
755 756
756 757
757 758
758 759
759 760
760 761
761 762
762 763
763 764
764 765
765 766
766 767
767 768
768 769
769 770
770 771
771 772
772 773
773 774
774 775
775 776
776 777
777 778
778 779
779 780
780 781
781 782
782 783
783 784
784 785
785 786
786 787
787 788
788 789
789 790
790 791
791 792
792 793
793 794
794 795
795 796
796 797
797 798
798 799
799 800
800 801
801 802
802 803
803 804
804 805
805 806
806 807
807 808
808 809
809 810
810 811
811 812
812 813
813 814
814 815
815 816
816 817
817 818
818 819
819 820
820 821
821 822
822 823
823 824
824 825
825 826
826 827
827 828
828 829
829 830
830 831
831 832
832 833
833 834
834 835
835 836
836 837
837 838
838 839
839 840
840 841
841 842
842 843
843 844
844 845
845 846
846 847
847 848
848 849
849 850
850 851
851 852
852 853
853 854
854 855
855 856
856 857
857 858
858 859
859 860
860 861
861 862
862 863
863 864
864 865
865 866
866 867
867 868
868 869
869 870
870 871
871 872
872 873
873 874
874 875
875 876
876 877
877 878
878 879
879 880
880 881
881 882
882 883
883 884
884 885
885 886
886 887
887 888
888 889
889 890
890 891
891 892
892 893
893 894
894 895
895 896
896 897
897 898
898 899
899 900
900 901
901 902
902 903
903 904
904 905
905 906
906 907
907 908
908 909
909 910
910 911
911 912
912 913
913 914
914 915
915 916
916 917
917 918
918 919
919 920
920 921
921 922
922 923
923 924
924 925
925 926
926 927
927 928
928 929
929 930
930 931
931 932
932 933
933 934
934 935
935 936
936 937
937 938
938 939
939 940
940 941
941 942
942 943
943 944
944 945
945 946
946 947
947 948
948 949
949 950
950 951
951 952
952 953
953 954
954 955
955 956
956 957
957 958
958 959
959 960
960 961
961 962
962 963
963 964
964 965
965 966
966 967
967 968
968 969
969 970
970 971
971 972
972 973
973 974
974 975
975 976
976 977
977 978
978 979
979 980
980 981
981 982
982 983
983 984
984 985
985 986
986 987
987 988
988 989
989 990
990 991
991 992
992 993
993 994
994 995
995 996
996 997
997 998
998 999
999 1000
1000 1001
1001 1002
1002 1003
1003 1004
1004 1005
1005 1006
1006 1007
1007 1008
1008 1009
1009 1010
1010 1011
1011 1012
1012 1013
1013 1014
1014 1015
1015 1016
1016 1017
1017 1018
1018 1019
1019 1020
1020 1021
1021 1022
1022 1023
1023 1024
1024 1025
1025 1026
1026 1027
1027 1028
1028 1029
1029 1030
1030 1031
1031 1032
1032 1033
1033 1034
1034 1035
1035 1036
1036 1037
1037 1038
1038 1039
1039 1040
1040 1041
1041 1042
1042 1043
1043 1044
1044 1045
1045 1046
1046 1047
1047 1048
1048 1049
1049 1050
1050 1051
1051 1052
1052 1053
1053 1054
1054 1055
1055 1056
1056 1057
1057 1058
1058 1059
1059 1060
1060 1061
1061 1062
1062 1063
1063 1064
1064 1065
1065 1066
1066 1067
1067 1068
1068 1069
1069 1070
1070 1071
1071 1072
1072 1073
1073 1074
1074 1075
1075 1076
1076 1077
1077 1078
1078 1079
1079 1080
1080 1081
1081 1082
1082 1083
1083 1084
1084 1085
1085 1086
1086 1087
1087 1088
1088 1089
1089 1090
1090 1091
1091 1092
1092 1093
1093 1094
1094 1095
1095 1096
1096 1097
1097 1098
1098 1099
1099 1100
1100 1101
1101 1102
1102 1103
1103 1104
1104 1105
1105 1106
1106 1107
1107 1108
1108 1109
1109 1110
1110 1111
1111 1112
1112 1113
1113 1114
1114 1115
1115 1116
1116 1117
1117 1118
1118 1119
1119 1120
1120 1121
1121 1122
1122 1123
1123 1124
1124 1125
1125 1126
1126 1127
1127 1128
1128 1129
1129 1130
1130 1131
1131 1132
1132 1133
1133 1134
1134 1135
1135 1136
1136 1137
1137 1138
1138 1139
1139 1140
1140 1141
1141 1142
1142 1143
1143 1144
1144 1145
1145 1146
1146 1147
1147 1148
1148 1149
1149 1150
1150 1151
1151 1152
1152 1153
1153 1154
1154 1155
1155 1156
1156 1157
1157 1158
1158 1159
1159 1160
1160 1161
1161 1162
1162 1163
1163 1164
1164 1165
1165 1166
1166 1167
1167 1168
1168 1169
1169 1170
1170 1171
1171 1172
1172 1173
1173 1174
1174 1175
1175 1176
1176 1177
1177 1178
1178 1179
1179 1180
1180 1181
1181 1182
1182 1183
1183 1184
1184 1185
1185 1186
1186 1187
1187 1188
1188 1189
1189 1190
1190 1191
1191 1192
1192 1193
1193 1194
1194 1195
1195 1196
1196 1197
1197 1198
1198 1199
1199 1200
1200 1201
1201 1202
1202 1203
1203 1204
1204 1205
1205 1206
1206 1207
1207 1208
1208 1209
1209 1210
1210 1211
1211 1212
1212 1213
1213 1214
1214 1215
1215 1216
1216 1217
1217 1218
1218 1219
1219 1220
1220 1221
1221 1222
1222 1223
1223 1224
1224 1225
1225 1226
1226 1227
1227 1228
1228 1229
1229 1230
1230 1231
1231 1232
1232 1233
1233 1234
1234 1235
1235 1236
1236 1237
1237 1238
1238 1239
1239 1240
1240 1241
1241 1242
1242 1243
1243 1244
1244 1245
1245 1246
1246 1247
1247 1248
1248 1249
1249 1250
1250 1251
1251 1252
1252 1253
1253 1254
1254 1255
1255 1256
1256 1257
1257 1258
1258 1259
1259 1260
1260 1261
1261 1262
1262 1263
1263 1264
1264 1265
1265 1266
1266 1267
1267 1268
1268 1269
1269 1270
1270 1271
1271 1272
1272 1273
1273 1274
1274 1275
1275 1276
1276 1277
1277 1278
1278 1279
1279 1280
1280 1281
1281 1282
1282 1283
1283 1284
1284 1285
1285 1286
1286 1287
1287 1288
1288 1289
1289 1290
1290 1291
1291 1292
1292 1293
1293 1294
1294 1295
1295 1296
1296 1297
1297 1298
1298 1299
1299 1300
1300 1301
1301 1302
1302 1303
1303 1304
1304 1305
1305 1306
1306 1307
1307 1308
1308 1309
1309 1310
1310 1311
1311 1312
1312 1313
1313 1314
1314 1315
1315 1316
1316 1317
1317 1318
1318 1319
1319 1320
1320 1321
1321 1322
1322 1323
1323 1324
1324 1325
1325 1326
1326 1327
1327 1328
1328 1329
1329 1330
1330 1331
1331 1332
1332 1333
1333 1334
1334 1335
1335 1336
1336 1337
1337 1338
1338 1339
1339 1340
1340 1341
1341 1342
1342 1343
1343 1344
1344 1345
1345 1346
1346 1347
1347 1348
1348 1349
1349 1350
1350 1351
1351 1352
1352 1353
1353 1354
1354 1355
1355 1356
1356 1357
1357 1358
1358 1359
1359 1360
1360 1361
1361 1362
1362 1363
1363 1364
1364 1365
1365 1366
1366 1367
1367 1368
1368 1369
1369 1370
1370 1371
1371 1372
1372 1373
1373 1374
1374 1375
1375 1376
1376 1377
1377 1378
1378 1379
1379 1380
1380 1381
1381 1382
1382 1383
1383 1384
1384 1385
1385 1386
1386 1387
1387 1388
1388 1389
1389 1390
1390 1391
1391 1392
1392 1393
1393 1394
1394 1395
1395 1396
1396 1397
1397 1398
1398 1399
1399 1400
1400 1401
1401 1402
1402 1403
1403 1404
1404 1405
1405 1406
1406 1407
1407 1408
1408 1409
1409 1410
1410 1411
1411 1412
1412 1413
1413 1414
1414 1415
1415 1416
1416 1417
1417 1418
1418 1419
1419 1420
1420 1421
1421 1422
1422 1423
1423 1424
1424 1425
1425 1426
1426 1427
1427 1428
1428 1429
1429 1430
1430 1431
1431 1432
1432 1433
1433 1434
1434 1435
1435 1436
1436 1437
1437 1438
1438 1439
1439 1440
1440 1441
1441 1442
1442 1443
1443 1444
1444 1445
1445 1446
1446 1447
1447 1448
1448 1449
1449 1450
1450 1451
1451 1452
1452 1453
1453 1454
1454 1455
1455 1456
1456 1457
1457 1458
1458 1459
1459 1460
1460 1461
1461 1462
1462 1463
1463 1464
1464 1465
1465 1466
1466 1467
1467 1468
1468 1469
1469 1470
1470 1471
1471 1472
1472 1473
1473 1474
1474 1475
1475 1476
1476 1477
1477 1478
1478 1479
1479 1480
1480 1481
1481 1482
1482 1483
1483 1484
1484 1485
1485 1486
1486 1487
1487 1488
1488 1489
1489 1490
1490 1491
1491 1492
1492 1493
1493 1494
1494 1495
1495 1496
1496 1497
1497 1498
1498 1499
1499 1500
1500 1501
1501 1502
1502 1503
1503 1504
1504 1505
1505 1506
1506 1507
1507 1508
1508 1509
1509 1510
1510 1511
1511 1512
1512 1513
1513 1514
1514 1515
1515 1516
1516 1517
1517 1518
1518 1519
1519 1520
1520 1521
1521 1522
1522 1523
1523 1524
1524 1525
1525 1526
1526 1527
1527 1528
1528 1529
1529 1530
1530 1531
1531 1532
1532 1533
1533 1534
1534 1535
1535 1536
1536 1537
1537 1538
1538 1539
1539 1540
1540 1541
1541 1542
1542 1543
1543 1544
1544 1545
1545 1546
1546 1547
1547 1548
1548 1549
1549 1550
1550 1551
1551 1552
1552 1553
1553 1554
1554 1555
1555 1556
1556 1557
1557 1558
1558 1559
1559 1560
1560 1561
1561 1562
1562 1563
1563 1564
1564 1565
1565 1566
1566 1567
1567 1568
1568 1569
1569 1570
1570 1571
1571 1572
1572 1573
1573 1574
1574 1575
1575 1576
1576 1577
1577 1578
1578 1579
1579 1580
1580 1581
1581 1582
1582 1583
1583 1584
1584 1585
1585 1586
1586 1587
1587 1588
1588 1589
1589 1590
1590 1591
1591 1592
1592 1593
1593 1594
1594 1595
1595 1596
1596 1597
1597 1598
1598 1599
1599 1600
1600 1601
1601 1602
1602 1603
1603 1604
1604 1605
1605 1606
1606 1607
1607 1608
1608 1609
1609 1610
1610 1611
1611 1612
1612 1613
1613 1614
1614 1615
1615 1616
1616 1617
1617 1618
1618 1619
1619 1620
1620 1621
1621 1622
1622 1623
1623 1624
1624 1625
1625 1626
1626 1627
1627 1628
1628 1629
1629 1630
1630 1631
1631 1632
1632 1633
1633 1634
1634 1635
1635 1636
1636 1637
1637 1638
1638 1639
1639 1640
1640 1641
1641 1642
1642 1643
1643 1644
1644 1645
1645 1646
1646 1647
1647 1648
1648 1649
1649 1650
1650 1651
1651 1652
1652 1653
1653 1654
1654 1655
1655 1656
1656 1657
1657 1658
1658 1659
1659 1660
1660 1661
1661 1662
1662 1663
1663 1664
1664 1665
1665 1666
1666 1667
1667 1668
1668 1669
1669 1670
1670 1671
1671 1672
1672 1673
1673 1674
1674 1675
1675 1676
1676 1677
1677 1678
1678 1679
1679 1680
1680 1681
1681 1682
1682 1683
1683 1684
1684 1685
1685 1686
1686 1687
1687 1688
1688 1689
1689 1690
1690 1691
1691 1692
1692 1693
1693 1694
1694 1695
1695 1696
1696 1697
1697 1698
1698 1699
1699 1700
1700 1701
1701 1702
1702 1703
1703 1704
1704 1705
1705 1706
1706 1707
1707 1708
1708 1709
1709 1710
1710 1711
1711 1712
1712 1713
1713 1714
1714 1715
1715 1716
1716 1717
1717 1718
1718 1719
1719 1720
1720 1721
1721 1722
1722 1723
1723 1724
1724 1725
1725 1726
1726 1727
1727 1728
1728 1729
1729 1730
1730 1731
1731 1732
1732 1733
1733 1734
1734 1735
1735 1736
1736 1737
1737 1738
1738 1739
1739 1740
1740 1741
1741 1742
1742 1743
1743 1744
1744 1745
1745 1746
1746 1747
1747 1748
1748 1749
1749 1750
1750 1751
1751 1752
1752 1753
1753 1754
1754 1755
1755 1756
1756 1757
1757 1758
1758 1759
1759 1760
1760 1761
1761 1762
1762 1763
1763 1764
1764 1765
1765 1766
1766 1767
1767 1768
1768 1769
1769 1770
1770 1771
1771 1772
1772 1773
1773 1774
1774 1775
1775 1776
1776 1777
1777 1778
1778 1779
1779 1780
1780 1781
1781 1782
1782 1783
1783 1784
1784 1785
1785 1786
1786 1787
1787 1788
1788 1789
1789 1790
1790 1791
1791 1792
1792 1793
1793 1794
1794 1795
1795 1796
1796 1797
1797 1798
1798 1799
1799 1800
1800 1801
1801 1802
1802 1803
1803 1804
1804 1805
1805 1806
1806 1807
1807 1808
1808 1809
1809 1810
1810 1811
1811 1812
1812 1813
1813 1814
1814 1815
1815 1816
1816 1817
1817 1818
1818 1819
1819 1820
1820 1821
1821 1822
1822 1823
1823 1824
1824 1825
1825 1826
1826 1827
1827 1828
1828 1829
1829 1830
1830 1831
1831 1832
1832 1833
1833 1834
1834 1835
1835 1836
1836 1837
1837 1838
1838 1839
1839 1840
1840 1841
1841 1842
1842 1843
1843 1844
1844 1845
1845 1846
1846 1847
1847 1848
1848 1849
1849 1850
1850 1851
1851 1852
1852 1853
1853 1854
1854 1855
1855 1856
1856 1857
1857 1858
1858 1859
1859 1860
1860 1861
1861 1862
1862 1863
1863 1864
1864 1865
1865 1866
1866 1867
1867 1868
1868 1869
1869 1870
1870 1871
1871 1872
1872 1873
1873 1874
1874 1875
1875 1876
1876 1877
1877 1878
1878 1879
1879 1880
1880 1881
1881 1882
1882 1883
1883 1884
1884 1885
1885 1886
1886 1887
1887 1888
1888 1889
1889 1890
1890 1891
1891 1892
1892 1893
1893 1894
1894 1895
1895 1896
1896 1897
1897 1898
1898 1899
1899 1900
1900 1901
1901 1902
1902 1903
1903 1904
1904 1905
1905 1906
1906 1907
1907 1908
1908 1909
1909 1910
1910 1911
1911 1912
1912 1913
1913 1914
1914 1915
1915 1916
1916 1917
1917 1918
1918 1919
1919 1920
1920 1921
1921 1922
1922 1923
1923 1924
1924 1925
1925 1926
1926 1927
1927 1928
1928 1929
1929 1930
1930 1931
1931 1932
1932 1933
1933 1934
1934 1935
1935 1936
1936 1937
1937 1938
1938 1939
1939 1940
1940 1941
1941 1942
1942 1943
1943 1944
1944 1945
1945 1946
1946 1947
1947 1948
1948 1949
1949 1950
1950 1951
1951 1952
1952 1953
1953 1954
1954 1955
1955 1956
1956 1957
1957 1958
1958 1959
1959 1960
1960 1961
1961 1962
1962 1963
1963 1964
1964 1965
1965 1966
1966 1967
1967 1968
1968 1969
1969 1970
1970 1971
1971 1972
1972 1973
1973 1974
1974 1975
1975 1976
1976 1977
1977 1978
1978 1979
1979 1980
1980 1981
1981 1982
1982 1983
1983 1984
1984 1985
1985 1986
1986 1987
1987 1988
1988 1989
1989 1990
1990 1991
1991 1992
1992 1993
1993 1994
1994 1995
1995 1996
1996 1997
1997 1998
1998 1999
1999 2000
2000 2001
2001 2002
2002 2003
2003 2004
2004 2005
2005 2006
2006 2007
2007 2008
2008 2009
2009 2010
2010 2011
2011 2012
2012 2013
2013 2014
2014 2015
2015 2016
2016 2017
2017 2018
2018 2019
2019 2020
2020 2021
2021 2022
2022 2023
2023 2024
2024 2025
2025 2026
2026 2027
2027 2028
2028 2029
2029 2030
2030 2031
2031 2032
2032 2033
2033 2034
2034 2035
2035 2036
2036 2037
2037 2038
2038 2039
2039 2040
2040 2041
2041 2042
2042 2043
2043 2044
2044 2045
2045 2046
2046 2047
2047 2048
2048 2049
2049 2050
2050 2051
2051 2052
2052 2053
2053 2054
2054 2055
2055 2056
2056 2057
2057 2058
2058 2059
2059 2060
2060 2061
2061 2062
2062 2063
2063 2064
2064 2065
2065 2066
2066 2067
2067 2068
2068 2069
2069 2070
2070 2071
2071 2072
2072 2073
2073 2074
2074 2075
2075 2076
2076 2077
2077 2078
2078 2079
2079 2080
2080 2081
2081 2082
2082 2083
2083 2084
2084 2085
2085 2086
2086 2087
2087 2088
2088 2089
2089 2090
2090 2091
2091 2092
2092 2093
2093 2094
2094 2095
2095 2096
2096 2097
2097 2098
2098 2099
2099 2100
2100 2101
2101 2102
2102 2103
2103 2104
2104 2105
2105 2106
2106 2107
2107 2108
2108 2109
2109 2110
2110 2111
2111 2112
2112 2113
2113 0
2114 2115
2115 2116
2116 2117
2117 2118
2118 2119
2119 2120
2120 2121
2121 2122
2122 2123
2123 2124
2124 2125
2125 2126
2126 2127
2127 2128
2128 2129
2129 2130
2130 2131
2131 2132
2132 2133
2133 2134
2134 2135
2135 2136
2136 2137
2137 2138
2138 2139
2139 2140
2140 2141
2141 2142
2142 2143
2143 2144
2144 2145
2145 2146
2146 2147
2147 2148
2148 2149
2149 2150
2150 2151
2151 2152
2152 2153
2153 2154
2154 2155
2155 2156
2156 2157
2157 2158
2158 2159
2159 2160
2160 2161
2161 2162
2162 2163
2163 2164
2164 2165
2165 2166
2166 2167
2167 2168
2168 2169
2169 2170
2170 2171
2171 2172
2172 2173
2173 2174
2174 2175
2175 2176
2176 2177
2177 2178
2178 2179
2179 2180
2180 2181
2181 2182
2182 2183
2183 2184
2184 2185
2185 2186
2186 2187
2187 2188
2188 2189
2189 2190
2190 2191
2191 2192
2192 2193
2193 2194
2194 2195
2195 2196
2196 2197
2197 2198
2198 2199
2199 2200
2200 2201
2201 2202
2202 2203
2203 2204
2204 2205
2205 2206
2206 2207
2207 2208
2208 2209
2209 2210
2210 2211
2211 2212
2212 2213
2213 2214
2214 2215
2215 2216
2216 2217
2217 2218
2218 2219
2219 2220
2220 2221
2221 2222
2222 2223
2223 2224
2224 2225
2225 2226
2226 2227
2227 2228
2228 2229
2229 2230
2230 2231
2231 2232
2232 2233
2233 2234
2234 2235
2235 2236
2236 2237
2237 2238
2238 2239
2239 2240
2240 2241
2241 2242
2242 2243
2243 2244
2244 2245
2245 2246
2246 2247
2247 2248
2248 2249
2249 2250
2250 2251
2251 2252
2252 2253
2253 2254
2254 2255
2255 2256
2256 2257
2257 2258
2258 2259
2259 2260
2260 2261
2261 2262
2262 2263
2263 2264
2264 2265
2265 2266
2266 2267
2267 2268
2268 2269
2269 2270
2270 2271
2271 2272
2272 2273
2273 2274
2274 2275
2275 2276
2276 2277
2277 2278
2278 2279
2279 2280
2280 2281
2281 2282
2282 2283
2283 2284
2284 2285
2285 2286
2286 2287
2287 2288
2288 2289
2289 2290
2290 2291
2291 2292
2292 2293
2293 2294
2294 2295
2295 2296
2296 2297
2297 2298
2298 2299
2299 2300
2300 2301
2301 2302
2302 2303
2303 2304
2304 2305
2305 2306
2306 2307
2307 2308
2308 2309
2309 2310
2310 2311
2311 2312
2312 2313
2313 2314
2314 2315
2315 2316
2316 2317
2317 2318
2318 2319
2319 2320
2320 2321
2321 2322
2322 2323
2323 2324
2324 2325
2325 2326
2326 2327
2327 2328
2328 2329
2329 2330
2330 2331
2331 2332
2332 2333
2333 2334
2334 2335
2335 2336
2336 2337
2337 2338
2338 2339
2339 2340
2340 2341
2341 2342
2342 2343
2343 2344
2344 2345
2345 2346
2346 2347
2347 2348
2348 2349
2349 2350
2350 2351
2351 2352
2352 2353
2353 2354
2354 2355
2355 2356
2356 2357
2357 2358
2358 2359
2359 2360
2360 2361
2361 2362
2362 2363
2363 2364
2364 2365
2365 2366
2366 2367
2367 2368
2368 2369
2369 2370
2370 2371
2371 2372
2372 2373
2373 2374
2374 2375
2375 2376
2376 2377
2377 2378
2378 2379
2379 2380
2380 2381
2381 2382
2382 2383
2383 2384
2384 2385
2385 2386
2386 2387
2387 2388
2388 2389
2389 2390
2390 2391
2391 2392
2392 2393
2393 2394
2394 2395
2395 2396
2396 2397
2397 2398
2398 2399
2399 2400
2400 2401
2401 2402
2402 2403
2403 2404
2404 2405
2405 2406
2406 2407
2407 2408
2408 2409
2409 2410
2410 2411
2411 2412
2412 2413
2413 2414
2414 2415
2415 2416
2416 2417
2417 2418
2418 2419
2419 2420
2420 2421
2421 2422
2422 2423
2423 2424
2424 2425
2425 2426
2426 2427
2427 2428
2428 2429
2429 2430
2430 2431
2431 2432
2432 2433
2433 2434
2434 2435
2435 2436
2436 2437
2437 2438
2438 2439
2439 2440
2440 2441
2441 2442
2442 2443
2443 2444
2444 2445
2445 2446
2446 2447
2447 2448
2448 2449
2449 2450
2450 2451
2451 2452
2452 2453
2453 2454
2454 2455
2455 2456
2456 2457
2457 2458
2458 2459
2459 2460
2460 2461
2461 2462
2462 2463
2463 2464
2464 2465
2465 2466
2466 2467
2467 2468
2468 2469
2469 2470
2470 2471
2471 2472
2472 2473
2473 2474
2474 2475
2475 2476
2476 2477
2477 2478
2478 2479
2479 2480
2480 2481
2481 2482
2482 2483
2483 2484
2484 2485
2485 2486
2486 2487
2487 2488
2488 2489
2489 2490
2490 2491
2491 2492
2492 2493
2493 2494
2494 2495
2495 2496
2496 2497
2497 2498
2498 2499
2499 2500
2500 2501
2501 2502
2502 2503
2503 2504
2504 2505
2505 2506
2506 2507
2507 2508
2508 2509
2509 2510
2510 2511
2511 2512
2512 2513
2513 2514
2514 2515
2515 2516
2516 2517
2517 2518
2518 2519
2519 2520
2520 2521
2521 2522
2522 2523
2523 2524
2524 2525
2525 2526
2526 2527
2527 2528
2528 2529
2529 2530
2530 2531
2531 2532
2532 2533
2533 2534
2534 2535
2535 2536
2536 2537
2537 2538
2538 2539
2539 2540
2540 2541
2541 2542
2542 2543
2543 2544
2544 2545
2545 2546
2546 2547
2547 2548
2548 2549
2549 2550
2550 2551
2551 2552
2552 2553
2553 2554
2554 2555
2555 2556
2556 2557
2557 2558
2558 2559
2559 2560
2560 2561
2561 2562
2562 2563
2563 2564
2564 2565
2565 2566
2566 2567
2567 2568
2568 2569
2569 2570
2570 2571
2571 2572
2572 2573
2573 2574
2574 2575
2575 2576
2576 2577
2577 2578
2578 2579
2579 2580
2580 2581
2581 2582
2582 2583
2583 2584
2584 2585
2585 2586
2586 2587
2587 2588
2588 2589
2589 2590
2590 2591
2591 2592
2592 2593
2593 2594
2594 2595
2595 2596
2596 2597
2597 2598
2598 2599
2599 2600
2600 2601
2601 2602
2602 2603
2603 2604
2604 2605
2605 2606
2606 2607
2607 2608
2608 2609
2609 2610
2610 2611
2611 2612
2612 2613
2613 2614
2614 2615
2615 2616
2616 2617
2617 2618
2618 2619
2619 2620
2620 2621
2621 2622
2622 2623
2623 2624
2624 2625
2625 2626
2626 2627
2627 2628
2628 2629
2629 2630
2630 2631
2631 2632
2632 2633
2633 2634
2634 2635
2635 2636
2636 2637
2637 2638
2638 2639
2639 2640
2640 2641
2641 2642
2642 2643
2643 2644
2644 2645
2645 2646
2646 2647
2647 2648
2648 2649
2649 2650
2650 2651
2651 2652
2652 2653
2653 2654
2654 2655
2655 2656
2656 2657
2657 2658
2658 2659
2659 2660
2660 2661
2661 2662
2662 2663
2663 2664
2664 2665
2665 2666
2666 2667
2667 2668
2668 2669
2669 2670
2670 2671
2671 2672
2672 2673
2673 2674
2674 2675
2675 2676
2676 2677
2677 2678
2678 2679
2679 2680
2680 2681
2681 2682
2682 2683
2683 2684
2684 2685
2685 2686
2686 2687
2687 2688
2688 2689
2689 2690
2690 2691
2691 2692
2692 2693
2693 2694
2694 2695
2695 2696
2696 2697
2697 2698
2698 2699
2699 2700
2700 2701
2701 2702
2702 2703
2703 2704
2704 2705
2705 2706
2706 2707
2707 2708
2708 2709
2709 2710
2710 2711
2711 2712
2712 2713
2713 2714
2714 2715
2715 2716
2716 2717
2717 2718
2718 2719
2719 2720
2720 2721
2721 2722
2722 2723
2723 2724
2724 2725
2725 2726
2726 2727
2727 2728
2728 2729
2729 2730
2730 2731
2731 2732
2732 2733
2733 2734
2734 2735
2735 2736
2736 2737
2737 2738
2738 2739
2739 2740
2740 2741
2741 2742
2742 2743
2743 2744
2744 2745
2745 2746
2746 2747
2747 2748
2748 2749
2749 2750
2750 2751
2751 2752
2752 2753
2753 2754
2754 2755
2755 2756
2756 2757
2757 2758
2758 2759
2759 2760
2760 2761
2761 2762
2762 2763
2763 2764
2764 2765
2765 2766
2766 2767
2767 2768
2768 2769
2769 2770
2770 2771
2771 2772
2772 2773
2773 2774
2774 2775
2775 2776
2776 2777
2777 2778
2778 2779
2779 2780
2780 2781
2781 2782
2782 2783
2783 2784
2784 2785
2785 2786
2786 2787
2787 2788
2788 2789
2789 2790
2790 2791
2791 2792
2792 2793
2793 2794
2794 2795
2795 2796
2796 2797
2797 2798
2798 2799
2799 2800
2800 2801
2801 2802
2802 2803
2803 2804
2804 2805
2805 2806
2806 2807
2807 2808
2808 2809
2809 2810
2810 2811
2811 2812
2812 2813
2813 2814
2814 2815
2815 2816
2816 2817
2817 2818
2818 2819
2819 2820
2820 2821
2821 2822
2822 2823
2823 2824
2824 2825
2825 2826
2826 2827
2827 2828
2828 2829
2829 2830
2830 2831
2831 2114
