99.5 47.5 1.41421
99.5 48.5 0.707107
100 49 1.20711
100 49.5 1.11803
100.167 49.8333 1.41421
101.5 50.5 1.85123
101.786 51.3571 2.12377
102.3 51.7 2.12132
103.1 52.9 2.39469
103.167 53.1667 2.50565
104.833 54.8333 3.20253
105.5 55.5 3.2255
106.667 57.4444 4.08144
107.313 57.875 4.32563
107.682 58.3182 4.37018
108.167 59.1667 4.64396
108.5 59.5 4.62546
109.553 60.9737 5.0668
110.75 62 5.55866
110.857 62.1429 5.52948
111.152 62.6739 5.72631
113.176 64.9865 6.68103
113.421 65.5263 6.86947
113.889 66.1111 6.89376
114.466 67.0172 7.17824
116.017 68.7414 7.79008
116.441 69.0882 7.98182
117.5 70.5 8.32606
118.9 71.9 8.94483
119.37 72.6304 9.03769
119.934 73.6887 9.47476
120.833 74.8333 9.80859
122.1 76.1 10.3729
122.407 76.5465 10.4472
124.514 78.9783 11.4204
124.707 79.2931 11.386
125.067 79.9776 11.7019
125.724 80.8878 11.9149
127.255 82.6224 12.5064
127.765 83.1024 12.7632
128.764 84.3679 13.074
130.205 85.8934 13.7252
131.625 88.125 14.3813
132.093 88.7034 14.5565
133.428 90.1082 15.1629
133.659 90.4206 15.1875
135.167 92.1667 15.7544
135.786 92.7857 16.0704
138.274 96.2419 17.162
138.5 96.5 17.2427
139.1 97.1 17.5489
140.021 98.2397 17.8239
141.356 99.6916 18.4379
141.551 99.9744 18.4165
144.779 104.082 19.925
144.936 104.326 19.9681
146.416 106.042 20.4985
146.937 106.583 20.7911
147.864 107.818 20.9988
150.185 110.586 22.0398
151.351 112.36 22.5579
151.397 112.415 22.0976
155.64 112.29 20.1745
150.984 114.758 21.1331
159.478 112.53 18.2368
150.959 114.959 20.9231
165.045 113.682 15.8498
150.689 116.689 19.8914
166.5 114.167 14.8418
150.536 117.482 19.5158
167.5 114.463 14.5456
150.412 118.412 18.8699
168.57 114.74 14.774
149.537 123.488 16.3874
174.11 117.28 13.649
149.5 124 16.1264
178.187 119.584 14.3722
149.5 126.5 15.0104
181.5 120.731 14.7393
149.685 128.907 14.1013
181.643 120.786 15.2899
150.26 132.5 12.7498
186.1 121.9 16.4201
150.74 136.5 12.7498
189.5 118.5 15.0104
186.253 122.418 16.6079
150.9 137.5 12.9097
189.944 117.981 14.833
186.367 123.01 16.3237
151.409 140.045 13.9961
191.986 114.986 13.7788
187.517 126.172 14.2322
151.682 142.409 14.8075
192.851 113.851 13.5878
187.743 127.122 13.6234
151.773 144.864 15.822
193.77 112.77 13.4732
187.745 127.133 13.6779
151.753 145.416 16.0834
195.23 111.23 13.4732
189.304 132.435 10.2689
151.351 148.329 16.8802
196.149 110.149 13.5878
189.333 132.667 10.0303
153.929 149.786 15.6481
148.826 149.826 16.3781
197.014 109.014 13.7788
189.5 133.5 9.65831
154.5 150.167 14.8418
148.431 150.084 16.3922
199.056 106.019 14.833
189.763 134.132 9.14502
154.652 150.261 15.2113
147.474 150.474 15.8807
201.278 103.426 16.1157
190.823 138.016 6.67795
156.5 151 13.8947
146.105 151.105 15.36
201.648 103.074 16.2911
191.289 138.763 6.13976
157.5 151.5 13.202
138.091 155.273 15.0608
206.125 99.375 19.1068
192 141.25 4.46191
160.5 153.5 10.5119
137 156 15.2112
206.177 99.3387 19.1156
192 142 3.9241
161.5 154.1 9.91262
135.75 156.75 15.5646
207.5 98.5357 19.4707
192.333 143.667 3.66511
161.673 154.192 10.2664
134.45 157.45 15.9886
211.371 96.0472 22.2101
161.955 154.273 10.0447
133.1 158.1 16.4833
211.38 95.6521 22.5896
212.873 97.4379 21.6089
164.682 155.409 8.12414
131.7 158.7 17.1743
212 91.4167 21.4813
217.263 102.873 18.211
166.5 156.5 6.5192
126.15 162.4 19.876
212 90 21.0781
219.714 107.286 16.2208
167 156.75 6.66274
121.869 166.352 22.4297
212.246 86.7985 20.3008
220.465 108.506 16.0122
167.5 157.125 5.89624
124.536 170.5 19.4707
121.559 166.324 22.8414
212.603 85.1495 19.8732
220.473 108.527 15.8797
168.5 157.75 5.27376
125.339 171.823 19.1156
120.612 166.169 22.656
212.818 81.2727 18.7843
221.068 109.932 15.3067
169 158 5.41548
125.375 171.875 19.1068
118.453 166.118 22.0551
212.833 81.1667 18.7314
225.643 119.464 15.1887
172.5 159.75 3.23286
129.074 176.352 16.2911
114.333 165.5 20.9794
213.307 78.8655 18.1666
226 120 15.2112
129.426 176.722 16.1157
112.9 165.5 20.5729
213.4 75.8 17.2942
226.75 121.25 15.5646
133.25 180 14.4525
108.058 164.846 19.3205
213.798 72.617 16.6774
227.45 122.55 15.9886
134.842 181.158 14.021
107.379 164.864 19.1178
213.797 72.5989 16.6605
228.1 123.9 16.4833
135.947 182.053 13.8723
107.319 164.861 19.0726
213.811 72.1557 16.4741
228.7 125.3 17.1743
137 183 13.7979
101.925 164.226 17.6866
214.333 67.1111 15.1244
229.373 126.31 17.0318
138 184 13.7979
101.783 164.196 17.6702
214.464 66.5 14.5443
229.407 126.315 17.4494
228.167 128.833 15.7544
139.053 184.947 13.8723
98.634 164.098 16.7712
214.467 66.4836 14.9738
232 126.5 16.1264
227.816 129.447 15.3545
140.158 185.842 14.021
98.2273 164.045 16.6338
214.516 66.2969 14.955
237.167 126.5 14.2503
226.333 131.5 13.3427
143.829 188.512 15.3121
95.5 163.5 15.9775
214.875 61.625 13.595
237.955 126.409 13.9961
226 132 13.4642
144.287 188.926 15.4861
93.1667 163.5 15.2993
215.045 60.7727 13.3877
240.5 125.9 12.9097
224.984 134.468 11.7007
146.851 191.618 16.4453
92.5339 163.432 15.0861
215.125 60.5 12.8847
245.5 125.1 12.9097
223.694 136.887 10.1198
148.69 190.929 15.7491
146.742 192.432 16.6562
89.5 162.87 13.8794
215.375 59.5 12.6349
248.045 124.591 13.9961
223.269 137.5 9.28271
149.375 190.75 15.2894
145.537 196.5 14.5456
88.5 162.722 13.7313
215.5 58.9 12.9632
248.833 124.5 14.2503
222.654 138.5 8.66828
150.161 190.607 14.8409
145.237 197.658 14.7498
88.1364 162.682 14.1483
215.5 56.1667 12.1548
254 124.5 16.1264
222.367 139.033 8.81304
154.971 189.088 11.724
143.885 201.038 13.9999
87.7632 162.711 14.0295
215.864 53.5 11.1476
256.593 124.685 17.4494
222.333 139.167 8.69642
155.929 188.929 11.0728
140.883 205.755 13.6966
84.4737 162.579 13.1193
215.912 52.9706 11.5394
259.278 125.056 18.9796
221.455 141.364 7.0914
156.457 188.804 10.9016
138.74 210.43 14.774
83.5385 162.423 12.8652
216 52.6 11.4652
259.357 125.071 19.0505
219.929 143.5 4.95387
158.722 187.833 9.36996
138.463 211.5 14.5456
82.5 162.152 12.1625
216 51.75 11.1076
259.8 125.2 19.1692
219.357 144.5 4.38574
160.543 187.413 8.22948
137.727 213.985 15.9036
81.8 162 12.463
216.447 47.5 9.56571
261.4 125.6 20.0175
219.192 144.885 4.58791
160.833 187.389 8.07473
136.744 219.683 18.5033
79 162 11.6317
216.448 47.4828 10.0108
263.05 125.95 20.9364
218.7 145.5 3.73363
165 186 5.41548
136.622 223.582 20.5732
77.8333 161.833 11.2933
216.667 46.5 9.34672
265.5 126.382 22.0437
218.1 146.5 4.05297
166.75 185.75 4.27452
136.804 226.671 21.853
76.5 161.5 10.5119
216.717 46.1957 9.73572
265.816 126.132 22.4151
265.5 132.167 19.2271
167.5 185.5 3.91835
138.758 227.016 21.1331
136.304 227.109 22.1467
75.5 161.3 10.3121
216.712 46.1061 9.67371
266.085 125.939 22.4486
265.132 135.974 17.4148
170.5 184.5 2.24831
138.959 227.041 20.9231
134.661 228.403 21.7491
75.4481 161.292 10.7571
216.969 41.9898 8.47147
267.4 124.751 21.9147
263.786 141.357 15.2899
140.689 227.311 19.8914
134.315 228.611 21.7017
73.5357 161.393 10.1766
217.1 41.5 7.91581
268.611 123.907 21.4926
263.731 141.5 14.7393
142.365 227.635 18.9362
131.701 230.634 20.668
70.5 161.056 9.06935
217.3 40.5 7.71622
271.853 121.206 20.2642
262.584 144.813 14.3722
145.09 228.271 17.6397
130.244 231.988 20.0479
70.3182 161.045 9.4962
217.397 39.7759 8.04807
272.986 120.365 20.082
260.28 148.89 13.649
145.407 228.315 17.4494
128.476 233.451 19.5303
69.5 160.853 8.86705
217.25 38.75 7.72555
273.625 119.75 19.7551
257.74 154.43 14.774
148 228.5 16.1264
127.444 234.208 19.3732
69.0692 160.777 9.22577
217.389 36.9444 7.09333
275.375 118.25 19.1967
257.463 155.5 14.5456
150.5 228.5 15.0104
126.708 234.916 19.0118
68.8548 160.79 9.11481
217.75 35.5 6.26997
275.408 118.225 19.2116
257.167 156.5 14.8418
155.375 228.125 13.595
126.654 234.962 19.0158
64.8261 160.522 7.96197
217.917 34.5 6.10385
275.5 118.167 19.2271
256.682 157.955 15.8498
156.5 227.9 12.9097
124.741 236.328 18.3176
64.5 160.429 7.44538
218 33.5 6.0208
279.7 114.9 17.6893
256.033 161.092 16.4834
161.5 227.1 12.9097
122.431 238.361 17.3978
63.5 160.214 7.23159
218 33.3333 6.4365
279.875 114.781 17.7336
257.074 162.352 16.2911
253.197 161.773 15.3401
162.5 226.9 13.1095
120.625 239.75 16.9636
63.1667 160.167 7.58604
218 31.25 5.55866
281.429 113.357 17.0832
257.426 162.722 16.1157
251.889 162.333 14.425
164.018 226.536 13.9346
120.559 239.794 17.0302
62.625 160 7.44648
218.389 29.5 4.63814
282.5 112.5 16.8299
261.25 166 14.4525
250.941 162.618 13.7635
166.339 226.179 14.6518
118.903 241.306 16.343
59.3333 160 6.4365
218.5 28.5 4.52769
283.167 111.833 16.4985
262.842 167.158 14.021
248.84 163.06 12.4496
167.042 226.127 14.9074
118.533 241.599 16.2452
58.5 159.773 5.79434
218.5 27.8333 4.91039
283.511 111.534 16.3844
263.947 168.053 13.8723
245.571 164.286 10.2884
172.409 226.318 17.0397
116.428 242.946 15.6267
57.5 159.591 5.61322
218.625 27.5 4.40348
286.786 109.214 15.3616
265 169 13.7979
243.667 164.667 9.08885
173.18 226.398 16.9898
114.566 244.631 14.8641
57.4565 159.587 6.01404
218.818 26.7273 4.59163
287.5 108.5 15.0104
266 170 13.7979
242.675 164.95 8.67761
174.1 224.7 16.3497
174.826 229.174 16.3781
113.7 245.3 14.6742
56.5 159.3 5.32353
218.5 24.5 3.91835
289.25 107 14.4525
267.053 170.947 13.8723
241.87 165.389 8.09969
174.864 223.5 15.1446
175.084 229.569 16.3922
112.833 246.167 14.2666
56.0714 159.214 5.63321
218.833 23.5 3.2059
290.731 105.923 14.1904
268.158 171.842 14.021
239.735 166.029 6.6302
174.912 223.418 15.5621
175.474 230.526 15.8807
111.079 247.658 13.7186
53.8462 159.462 4.94907
219 22.5 3.04138
291.045 105.591 13.9961
271.829 174.512 15.3121
238.2 166.2 5.60992
175.365 222.23 14.7088
176.105 231.895 15.36
110.385 248.154 13.5648
52.5 159.125 4.15519
219 22.25 3.3802
291.676 105.027 13.7544
272.287 174.926 15.4861
238 166.25 5.55866
175.783 221.348 14.0907
180.273 239.909 15.0608
109.605 248.579 13.3687
51.5 159 4.03113
219.3 21.5 2.74591
293.683 103.622 13.0198
276.043 178.87 17.7883
235.5 167.5 3.91835
178.188 217.5 10.8241
181 241 15.2112
106.735 250.971 12.2548
50.6667 159 4.41063
219.5 20.5 2.54951
295.3 102.1 12.3335
276.21 179.081 17.891
234.5 167.5 3.82945
178.618 216.735 10.8128
181.75 242.25 15.5646
106.721 250.981 12.3071
50.5 158.929 3.96026
219.5 20 2.85078
297.1 100.7 11.8876
278.577 182.5 19.5833
178.786 216.5 10.2265
182.45 243.55 15.9886
105.032 252.564 11.5936
49.5526 158.658 4.07283
219.25 19.5 2.30489
297.468 100.468 11.7239
279.898 184.307 21.4012
178.84 216.415 10.6227
183.1 244.9 16.4833
104.094 253.281 11.3376
48.3182 158.864 3.52628
219.071 18.7857 2.40868
297.7 100.3 11.8045
281.167 186.353 22.4193
179.761 214.022 8.90585
183.7 246.3 17.1743
102.929 253.929 10.871
46.5 158.5 2.54951
219.5 17.5 1.58114
298.833 99.1667 11.2933
282.348 186.38 22.5896
280.444 187.163 22.3221
180.741 212.224 7.69878
187.4 251.85 19.876
102.53 254.187 10.8854
45.5 158.5 2.54951
219.5 16.5 1.85123
299.795 98.3852 10.989
286.583 187 21.4813
275.039 191.736 18.7381
181.375 211.5 6.64384
191.352 256.131 22.4297
100.695 255.89 10.1163
45 158.5 2.85078
220 15.5 1.11803
300.609 97.9062 10.7193
287.9 187 21.109
269.826 194.826 16.3781
182.125 210.5 5.89624
194.439 254.146 20.6164
191.342 256.237 22.8876
99.6905 256.627 9.88505
44.5 158.25 2.30489
220 14.5 1.90531
303.125 95.75 9.71586
292.859 187.652 19.8234
269.431 195.084 16.3922
182.75 209.5 5.27376
195.5 253.34 19.3465
191.093 257.401 22.5789
98.9595 257.419 9.52791
43.5 158 2.06155
304.1 95.1 9.41831
293.445 187.637 19.6473
268.474 195.474 15.8807
183 209 5.41548
199.467 250.484 17.2793
190.77 261.808 21.3555
97.2027 258.905 8.98685
42.75 158 2.33655
304.697 94.6311 9.42425
298.913 188.261 18.1992
267.105 196.105 15.36
183.056 208.611 5.131
199.75 250.25 17.1366
190.385 263.686 20.8639
96.413 259.413 8.73078
40.5 158 1.11803
304.929 94.3571 9.27881
299.135 188.307 18.1666
259.091 200.273 15.0608
184.167 205.833 3.80251
203.5 246.5 15.0104
190.19 267.397 19.8272
95.9286 259.786 8.7259
39.5 158 1.11803
306.643 92.7857 8.6435
302.2 188.4 17.2942
258 201 15.2112
205 244.75 14.4525
189.846 269.942 19.3205
95.6429 259.929 8.63945
39 158 1.20711
307.519 92.1792 8.44754
302.529 188.441 17.177
256.75 201.75 15.5646
206.158 243.158 14.021
189.864 270.621 19.1178
92.8548 262.21 7.53833
38.5 157.5 1.62831
307.915 91.7439 8.23742
305.417 189 16.4758
255.45 202.45 15.9886
207.053 242.053 13.8723
189.861 270.681 19.0726
92.7 262.3 7.52247
310.711 89.7105 7.1453
307.667 189 15.8241
254.1 203.1 16.4833
208 241 13.7979
189.226 276.075 17.6866
91.1667 263.833 6.84721
310.983 89.4655 7.17824
308.221 189.057 15.6324
252.7 203.7 17.1743
209 240 13.7979
189.196 276.217 17.6702
89.7941 264.794 6.44687
311.733 88.9884 7.01187
311.5 189.643 14.3658
251.5 204.5 17.1026
209.947 238.947 13.8723
189.192 276.346 17.5862
89.3462 265.192 6.45003
312.7 87.9 6.55211
311.735 189.676 14.7932
251.357 205.214 17.2492
246.833 201.833 14.2666
210.842 237.842 14.021
188.688 281.562 16.1521
88.6579 265.605 6.29507
314.235 86.7059 6.13501
313.125 189.625 14.3813
251.318 205.591 17.0397
246.5 201.605 13.6144
213.512 234.171 15.3121
188.591 282.045 16.025
87.8448 266.534 5.88929
314.571 86.5714 5.9318
316.375 189.875 13.595
251.227 208.136 15.822
246.066 201.331 13.7965
215.829 231.61 16.6947
188.466 282.5 15.4736
85.8077 267.808 5.05791
314.605 86.5526 5.99384
317.227 190.045 13.3877
251.318 210.591 14.8075
244.25 200.625 12.5007
216.145 231.323 16.8466
188.464 282.507 15.941
85.5526 268.026 5.0668
317 84.5 5.00905
317.5 190.125 12.8847
251.885 215.5 13.1249
241.75 199.375 10.8292
216.54 231.01 16.6004
188.14 287.047 14.6283
85.0882 268.676 4.81561
317.333 84.3333 4.85964
318.053 190.263 13.2005
251.962 216.5 13.048
240.5 198.571 9.58448
216.426 230.266 16.6666
221.357 232.214 15.2899
187.87 288.5 13.8794
83.3235 270.147 4.30161
318.5 83.5 4.62546
321.857 190.429 12.0801
252.038 218.5 13.048
240.421 198.526 9.98245
214.958 225.653 13.6816
221.5 232.269 14.7393
187.821 288.836 14.2877
83.2 270.2 4.20439
318.833 83.1667 4.64396
322.938 190.625 11.804
252.115 219.5 13.1249
239.5 197.773 8.78696
214.763 224.632 13.0729
224.813 233.416 14.3722
187.877 290.292 13.8554
82 271 3.9241
320.5 81.5 3.91835
323.5 190.786 11.2254
252.231 220.5 13.2402
238.972 197.389 8.83537
214.727 224.273 12.7701
228.89 235.72 13.649
187.808 291.154 13.5515
81.5 271.5 3.91835
321.167 81.1667 3.69084
324.4 191 11.4652
252.821 224.339 14.6518
236.056 196.222 6.72422
214.713 224.181 12.857
234.43 238.26 14.774
187.25 294.5 12.2602
79.8333 273.167 3.20253
321.808 80.6538 3.58637
327.333 191 10.5866
253 226.75 15.5684
234.5 195.25 5.27376
213.33 219.755 9.96227
235.5 238.537 14.5456
187.167 295.167 12.6297
79.5 273.3 2.74591
322.227 79.9545 3.33164
328.646 191.207 10.2249
253 227.333 15.8241
233.75 194.875 5.28359
213.125 219.375 9.67381
237.985 239.273 15.9036
187.216 295.739 12.4517
79.3333 273.333 2.99363
322.5 79.75 2.79508
329.5 191.444 9.56863
252.409 233.045 18.4607
233.5 194.667 4.69338
212.5 217.5 8.32606
243.683 240.256 18.5033
187.167 296.833 12.0362
78.25 273.875 2.59116
324 79 2.53225
330.5 191.667 9.34672
252.071 235.071 19.553
232.5 194 4.03113
212.038 214.962 6.68287
247.582 240.378 20.5732
186.643 300.5 10.6546
77.3571 275.214 2.12377
324.833 78.1667 2.50565
330.804 191.717 9.73572
251.99 235.704 20.0478
231.5 193.5 4.34167
211.577 213.423 5.92406
250.964 240.179 22.0381
186.577 301.192 11.0286
76.5 275.5 1.85123
325.1 78.1 2.39469
332.8 191.6 9.12705
251.714 236.714 20.4618
211.559 213.382 5.98017
251.333 238.333 21.337
252.177 241.661 22.07
186.5 301.5 10.9678
75.5 276.5 1.85123
326.214 77.3571 2.12377
335.5 191.937 8.07799
211.375 213.125 5.79693
252.772 242.47 21.9693
186.5 304.5 10.0648
74.1667 277.167 1.41421
326.5 76.5 1.85123
336.01 191.969 8.47147
210.25 209.75 4.25778
253.659 243.42 21.5319
186.269 305.885 9.69446
74 277.5 1.11803
327.833 75.8333 1.41421
336.5 192.1 7.91581
254.9 244.9 21.146
186.088 306.5 9.10198
74 278 1.20711
328.167 75.1667 1.41421
337.184 192.237 8.2078
255.071 245.071 21.0324
185.853 307.5 8.86705
73.5 278.5 0.707107
328.5 75 1.11803
337.648 192.204 7.99704
258.357 249.357 19.6208
185.777 307.931 9.22577
72.5 278.5 1.41421
329 75 1.91421
341.5 192.5 6.95081
258.5 249.5 19.4759
185.904 309.968 8.60272
342.5 192.75 6.26997
260.038 251.231 18.8746
185.687 311.594 8.11783
343.308 192.885 6.5351
260.566 251.902 18.7456
185.429 312.5 7.44538
343.5 192.955 6.0661
261.581 252.959 18.2687
185.214 313.5 7.23159
343.667 193 6.4365
261.7 253.1 18.2397
185.093 314.352 7.53857
347 193 5.41548
263.927 256.264 17.2499
185.257 315.419 7.20169
347.5 193.167 4.85913
264.912 257.294 16.783
185 318.5 6.0208
348.5 193.389 4.63814
266.241 258.889 16.364
185 318.667 6.4365
349.5 193.5 4.52769
266.406 259.047 16.2311
184.773 319.5 5.79434
350.167 193.5 4.91039
267.969 260.766 15.6033
184.591 320.5 5.61322
352.5 193.5 3.91835
268.328 261.224 15.4802
184.587 320.543 6.01404
353.5 193.833 3.2059
269.523 263.136 14.9268
184.5 320.833 5.9245
354.5 194 3.04138
271.293 265.103 14.1255
184.5 324.167 4.91039
355.5 194 3.04138
271.9 265.9 13.9562
184.375 324.5 4.40348
355.75 194 3.3802
272.833 266.833 13.5229
184.125 325.5 4.15519
356.5 194.3 2.74591
274.315 268.593 12.986
184.029 326.265 4.42983
357.5 194.5 2.54951
274.865 269.378 12.8198
183.929 326.5 3.96026
358 194.5 2.85078
275.125 269.875 12.5614
183.658 327.447 4.07283
360.5 194.5 1.58114
275.184 269.974 12.6723
184 329.5 3.04138
361.5 194.5 1.85123
277.579 272.882 11.5877
184 329.75 3.3802
362.5 195 1.11803
277.636 272.932 11.5128
183.7 330.5 2.74591
363.5 195 1.90531
279.227 274.636 10.8545
183.5 331.5 2.54951
280.571 276.429 10.3665
183.5 332 2.85078
280.593 276.453 10.4472
183.25 332.5 2.30489
280.9 276.9 10.3729
183 333.5 2.06155
281.5 277.5 10.0648
183 334.5 2.06155
283.224 279.914 9.16612
183 335.25 2.33655
284.088 280.706 8.7836
183 337.5 1.11803
285.559 282.471 8.26073
183 338.5 1.90531
285.929 283.071 8.04696
286.559 283.912 7.98182
286.983 284.259 7.79008
288.192 285.603 7.26823
288.971 287.029 6.69563
289.744 288.134 6.5392
290.326 288.587 6.30215
291.848 290.326 5.72631
292.143 290.857 5.52948
292.25 291 5.55866
293.3 291.9 5.11187
294.318 293.682 4.37018
295.147 294.676 4.30161
295.2 294.8 4.20439
295.571 295.357 4.0732
296.808 296.346 3.58637
297.5 297.5 3.2255
298.167 298.167 3.20253
299.833 299.833 2.50565
299.9 300.1 2.39469
300.167 300.5 1.90029
300.5 301.5 1.85123
301.5 302.5 1.85123
303 304 1.91421
