%points
316 34
317 34
318 34
319 34
320 34
321 34
322 34
323 34
324 34
325 34
326 34
327 34
328 34
329 34
330 34
331 34
332 34
332 35
333 35
334 35
335 35
336 35
337 35
338 35
339 35
340 35
341 35
342 35
343 35
344 35
345 35
346 35
347 35
348 35
349 35
350 35
350 36
351 36
352 36
353 36
354 36
355 36
356 36
357 36
358 36
359 36
360 36
361 36
362 36
363 36
364 36
365 36
366 36
367 36
368 36
369 36
369 37
370 37
371 37
372 37
373 37
374 37
375 37
375 38
376 38
377 38
378 38
379 38
380 38
381 38
381 39
382 39
383 39
384 39
385 39
386 39
386 40
387 40
388 40
389 40
390 40
390 41
391 41
392 41
393 41
394 41
394 42
395 42
396 42
397 42
398 42
398 43
399 43
400 43
401 43
402 43
402 44
403 44
404 44
405 44
405 45
406 45
407 45
408 45
408 46
409 46
410 46
410 47
411 47
412 47
412 48
413 48
414 48
415 48
415 49
416 49
417 49
417 50
418 50
419 50
419 51
420 51
421 51
421 52
422 52
423 52
423 53
424 53
424 54
425 54
426 54
426 55
427 55
428 55
428 56
429 56
430 56
431 56
431 57
432 57
433 57
434 57
434 58
435 58
436 58
436 59
437 59
438 59
439 59
439 60
440 60
441 60
441 61
442 61
443 61
444 61
444 62
445 62
446 62
446 63
447 63
448 63
448 64
449 64
450 64
450 65
451 65
452 65
452 66
453 66
454 66
454 67
455 67
455 68
456 68
457 68
457 69
458 69
459 69
459 70
460 70
460 71
461 71
462 71
462 72
463 72
463 73
464 73
465 73
465 74
466 74
466 75
467 75
467 76
468 76
469 76
469 77
470 77
470 78
471 78
471 79
472 79
473 79
473 80
474 80
474 81
475 81
475 82
476 82
476 83
477 83
478 83
478 84
479 84
479 85
480 85
480 86
481 86
481 87
482 87
482 88
483 88
483 89
484 89
484 90
485 90
486 90
486 91
487 91
487 92
488 92
488 93
489 93
489 94
490 94
490 95
490 96
491 96
491 97
492 97
492 98
493 98
493 99
494 99
494 100
495 100
495 101
496 101
496 102
497 102
497 103
498 103
498 104
498 105
499 105
499 106
500 106
500 107
501 107
501 108
502 108
502 109
502 110
503 110
503 111
504 111
504 112
505 112
505 113
505 114
506 114
506 115
507 115
507 116
507 117
508 117
508 118
509 118
509 119
509 120
510 120
510 121
511 121
511 122
511 123
512 123
512 124
513 124
513 125
513 126
514 126
514 127
515 127
515 128
515 129
516 129
516 130
517 130
517 131
517 132
518 132
518 133
518 134
519 134
519 135
520 135
520 136
520 137
521 137
521 138
521 139
522 139
522 140
523 140
523 141
523 142
524 142
524 143
524 144
525 144
525 145
525 146
526 146
526 147
527 147
527 148
527 149
528 149
528 150
528 151
529 151
529 152
529 153
530 153
530 154
530 155
531 155
531 156
531 157
532 157
532 158
532 159
533 159
533 160
533 161
534 161
534 162
534 163
534 164
535 164
535 165
535 166
536 166
536 167
536 168
537 168
537 169
537 170
538 170
538 171
538 172
539 172
539 173
539 174
540 174
540 175
540 176
541 176
541 177
541 178
542 178
542 179
542 180
543 180
543 181
543 182
544 182
544 183
544 184
545 184
545 185
545 186
546 186
546 187
546 188
547 188
547 189
547 190
548 190
548 191
548 192
549 192
549 193
549 194
550 194
550 195
550 196
551 196
551 197
551 198
552 198
552 199
552 200
553 200
553 201
553 202
554 202
554 203
554 204
555 204
555 205
555 206
556 206
556 207
556 208
557 208
557 209
557 210
558 210
558 211
558 212
558 213
559 213
559 214
559 215
560 215
560 216
560 217
561 217
561 218
561 219
562 219
562 220
562 221
563 221
563 222
563 223
563 224
564 224
564 225
564 226
565 226
565 227
565 228
565 229
566 229
566 230
566 231
566 232
567 232
567 233
567 234
567 235
568 235
568 236
568 237
568 238
568 239
569 239
569 240
569 241
569 242
569 243
569 244
570 244
570 245
570 246
570 247
570 248
570 249
570 250
570 251
571 251
571 252
571 253
571 254
571 255
571 256
571 257
571 258
571 259
571 260
571 261
571 262
571 263
571 264
571 265
571 266
571 267
571 268
571 269
571 270
571 271
571 272
571 273
571 274
571 275
571 276
571 277
571 278
571 279
571 280
571 281
571 282
571 283
571 284
571 285
570 285
570 286
570 287
570 288
570 289
570 290
570 291
570 292
569 292
569 293
569 294
569 295
569 296
569 297
569 298
568 298
568 299
568 300
568 301
568 302
568 303
567 303
567 304
567 305
567 306
567 307
566 307
566 308
566 309
566 310
566 311
565 311
565 312
565 313
565 314
564 314
564 315
564 316
564 317
563 317
563 318
563 319
563 320
562 320
562 321
562 322
562 323
561 323
561 324
561 325
560 325
560 326
560 327
560 328
559 328
559 329
559 330
559 331
558 331
558 332
558 333
557 333
557 334
557 335
557 336
556 336
556 337
556 338
555 338
555 339
555 340
554 340
554 341
554 342
554 343
553 343
553 344
553 345
552 345
552 346
552 347
551 347
551 348
551 349
550 349
550 350
550 351
549 351
549 352
549 353
548 353
548 354
548 355
548 356
547 356
547 357
547 358
546 358
546 359
546 360
545 360
545 361
545 362
544 362
544 363
544 364
543 364
543 365
543 366
542 366
542 367
542 368
541 368
541 369
541 370
540 370
540 371
539 371
539 372
539 373
538 373
538 374
538 375
537 375
537 376
537 377
536 377
536 378
536 379
535 379
535 380
535 381
534 381
534 382
534 383
533 383
533 384
532 384
532 385
532 386
531 386
531 387
531 388
530 388
530 389
530 390
529 390
529 391
528 391
528 392
528 393
527 393
527 394
527 395
526 395
526 396
525 396
525 397
525 398
524 398
524 399
524 400
523 400
523 401
522 401
522 402
522 403
521 403
521 404
521 405
520 405
520 406
519 406
519 407
519 408
518 408
518 409
517 409
517 410
517 411
516 411
516 412
516 413
515 413
515 414
514 414
514 415
514 416
513 416
513 417
512 417
512 418
512 419
511 419
511 420
510 420
510 421
510 422
509 422
509 423
508 423
508 424
508 425
507 425
507 426
506 426
506 427
505 427
505 428
505 429
504 429
504 430
503 430
503 431
502 431
502 432
502 433
501 433
501 434
500 434
500 435
499 435
499 436
499 437
498 437
498 438
497 438
497 439
496 439
496 440
495 440
495 441
494 441
494 442
494 443
493 443
493 444
492 444
492 445
491 445
491 446
490 446
490 447
489 447
489 448
488 448
488 449
487 449
487 450
486 450
486 451
485 451
485 452
484 452
484 453
483 453
483 454
482 454
482 455
481 455
481 456
480 456
480 457
479 457
479 458
478 458
478 459
477 459
477 460
476 460
476 461
475 461
475 462
474 462
474 463
473 463
472 463
472 464
471 464
471 465
470 465
470 466
469 466
469 467
468 467
468 468
467 468
467 469
466 469
466 470
465 470
465 471
464 471
464 472
463 472
462 472
462 473
461 473
461 474
460 474
460 475
459 475
459 476
458 476
458 477
457 477
457 478
456 478
456 479
455 479
454 479
454 480
453 480
453 481
452 481
452 482
451 482
451 483
450 483
449 483
449 484
448 484
448 485
447 485
447 486
446 486
445 486
445 487
444 487
444 488
443 488
442 488
442 489
441 489
441 490
440 490
440 491
439 491
438 491
438 492
437 492
437 493
436 493
435 493
435 494
434 494
433 494
433 495
432 495
432 496
431 496
430 496
430 497
429 497
429 498
428 498
427 498
427 499
426 499
425 499
425 500
424 500
424 501
423 501
422 501
422 502
421 502
420 502
420 503
419 503
419 504
418 504
417 504
417 505
416 505
415 505
415 506
414 506
413 506
413 507
412 507
411 507
411 508
410 508
409 508
409 509
408 509
408 510
407 510
406 510
406 511
405 511
404 511
404 512
403 512
402 512
402 513
401 513
400 513
400 514
399 514
398 514
398 515
397 515
396 515
396 516
395 516
394 516
394 517
393 517
392 517
392 518
391 518
390 518
390 519
389 519
388 519
388 520
387 520
386 520
385 520
385 521
384 521
383 521
383 522
382 522
381 522
381 523
380 523
379 523
379 524
378 524
377 524
377 525
376 525
375 525
375 526
374 526
373 526
373 527
372 527
371 527
371 528
370 528
369 528
368 528
368 529
367 529
366 529
366 530
365 530
364 530
364 531
363 531
362 531
361 531
361 532
360 532
359 532
358 532
358 533
357 533
356 533
356 534
355 534
354 534
353 534
353 535
352 535
351 535
350 535
350 536
349 536
348 536
347 536
347 537
346 537
345 537
344 537
343 537
343 538
342 538
341 538
340 538
339 538
339 539
338 539
337 539
336 539
335 539
335 540
334 540
333 540
332 540
331 540
330 540
330 541
329 541
328 541
327 541
326 541
325 541
324 541
323 541
322 541
322 542
321 542
320 542
319 542
318 542
317 542
316 542
315 542
314 542
313 542
312 542
311 542
310 542
309 542
308 542
307 542
306 542
305 542
304 542
303 542
302 542
301 542
300 542
299 542
298 542
297 542
296 542
295 542
294 542
293 542
292 542
291 542
290 542
289 542
288 542
287 542
286 542
285 542
284 542
283 542
282 542
281 542
280 542
279 542
278 542
277 542
277 541
276 541
275 541
274 541
273 541
272 541
271 541
270 541
269 541
268 541
267 541
266 541
265 541
264 541
263 541
262 541
261 541
260 541
259 541
258 541
258 540
257 540
256 540
255 540
254 540
253 540
252 540
251 540
250 540
249 540
248 540
248 539
247 539
246 539
245 539
244 539
243 539
242 539
241 539
241 538
240 538
239 538
238 538
237 538
236 538
235 538
235 537
234 537
233 537
232 537
231 537
230 537
229 537
229 536
228 536
227 536
226 536
225 536
224 536
224 535
223 535
222 535
221 535
220 535
219 535
219 534
218 534
217 534
216 534
215 534
215 533
214 533
213 533
212 533
211 533
211 532
210 532
209 532
208 532
208 531
207 531
206 531
205 531
204 531
204 530
203 530
202 530
201 530
201 529
200 529
199 529
198 529
197 529
197 528
196 528
195 528
194 528
194 527
193 527
192 527
191 527
191 526
190 526
189 526
188 526
188 525
187 525
186 525
185 525
185 524
184 524
183 524
182 524
182 523
181 523
180 523
180 522
179 522
178 522
177 522
177 521
176 521
175 521
175 520
174 520
173 520
173 519
172 519
171 519
171 518
170 518
169 518
169 517
168 517
167 517
167 516
166 516
165 516
165 515
164 515
164 514
163 514
162 514
162 513
161 513
161 512
160 512
159 512
159 511
158 511
158 510
157 510
156 510
156 509
155 509
155 508
154 508
154 507
153 507
152 507
152 506
151 506
151 505
150 505
150 504
149 504
149 503
148 503
148 502
147 502
147 501
146 501
146 500
145 500
145 499
144 499
143 499
143 498
142 498
142 497
141 497
141 496
140 496
140 495
139 495
139 494
138 494
138 493
137 493
137 492
136 492
136 491
135 491
135 490
134 490
134 489
133 489
133 488
132 488
132 487
131 487
131 486
130 486
130 485
129 485
129 484
128 484
128 483
127 483
127 482
126 482
126 481
125 481
125 480
124 480
124 479
123 479
122 479
122 478
121 478
121 477
120 477
120 476
119 476
119 475
118 475
117 475
117 474
116 474
116 473
115 473
115 472
114 472
114 471
113 471
112 471
112 470
111 470
111 469
110 469
110 468
110 467
109 467
109 466
108 466
108 465
107 465
107 464
106 464
106 463
105 463
105 462
104 462
104 461
103 461
103 460
103 459
102 459
102 458
101 458
101 457
100 457
100 456
99 456
99 455
99 454
98 454
98 453
97 453
97 452
97 451
96 451
96 450
95 450
95 449
95 448
94 448
94 447
93 447
93 446
93 445
92 445
92 444
92 443
91 443
91 442
91 441
90 441
90 440
89 440
89 439
89 438
88 438
88 437
88 436
87 436
87 435
87 434
86 434
86 433
86 432
85 432
85 431
85 430
84 430
84 429
84 428
83 428
83 427
83 426
82 426
82 425
82 424
81 424
81 423
81 422
80 422
80 421
80 420
80 419
79 419
79 418
79 417
78 417
78 416
78 415
78 414
77 414
77 413
77 412
76 412
76 411
76 410
76 409
75 409
75 408
75 407
75 406
74 406
74 405
74 404
74 403
73 403
73 402
73 401
73 400
72 400
72 399
72 398
72 397
71 397
71 396
71 395
71 394
70 394
70 393
70 392
70 391
70 390
69 390
69 389
69 388
69 387
69 386
68 386
68 385
68 384
68 383
68 382
68 381
67 381
67 380
67 379
67 378
67 377
67 376
66 376
66 375
66 374
66 373
66 372
66 371
66 370
66 369
66 368
65 368
65 367
65 366
65 365
65 364
65 363
65 362
65 361
65 360
65 359
65 358
65 357
65 356
64 356
64 355
64 354
64 353
64 352
64 351
64 350
64 349
64 348
64 347
64 346
64 345
64 344
64 343
64 342
64 341
64 340
64 339
64 338
65 338
65 337
65 336
65 335
65 334
65 333
65 332
65 331
65 330
65 329
65 328
65 327
65 326
65 325
65 324
65 323
65 322
65 321
65 320
65 319
65 318
66 318
66 317
66 316
66 315
66 314
66 313
66 312
66 311
66 310
66 309
66 308
66 307
67 307
67 306
67 305
67 304
67 303
67 302
67 301
67 300
67 299
67 298
67 297
67 296
67 295
68 295
68 294
68 293
68 292
68 291
68 290
68 289
68 288
68 287
68 286
68 285
69 285
69 284
69 283
69 282
69 281
69 280
69 279
69 278
69 277
70 277
70 276
70 275
70 274
70 273
70 272
70 271
70 270
70 269
71 269
71 268
71 267
71 266
71 265
71 264
71 263
71 262
72 262
72 261
72 260
72 259
72 258
72 257
72 256
73 256
73 255
73 254
73 253
73 252
73 251
73 250
74 250
74 249
74 248
74 247
74 246
74 245
74 244
75 244
75 243
75 242
75 241
75 240
75 239
76 239
76 238
76 237
76 236
76 235
76 234
77 234
77 233
77 232
77 231
77 230
77 229
78 229
78 228
78 227
78 226
78 225
79 225
79 224
79 223
79 222
79 221
79 220
80 220
80 219
80 218
80 217
80 216
81 216
81 215
81 214
81 213
81 212
82 212
82 211
82 210
82 209
82 208
83 208
83 207
83 206
83 205
83 204
84 204
84 203
84 202
84 201
85 201
85 200
85 199
85 198
85 197
86 197
86 196
86 195
86 194
87 194
87 193
87 192
87 191
88 191
88 190
88 189
88 188
89 188
89 187
89 186
89 185
90 185
90 184
90 183
91 183
91 182
91 181
91 180
92 180
92 179
92 178
93 178
93 177
93 176
93 175
94 175
94 174
94 173
95 173
95 172
95 171
96 171
96 170
96 169
97 169
97 168
97 167
98 167
98 166
98 165
99 165
99 164
99 163
100 163
100 162
100 161
101 161
101 160
101 159
102 159
102 158
102 157
103 157
103 156
104 156
104 155
104 154
105 154
105 153
105 152
106 152
106 151
107 151
107 150
107 149
108 149
108 148
109 148
109 147
109 146
110 146
110 145
111 145
111 144
111 143
112 143
112 142
113 142
113 141
113 140
114 140
114 139
115 139
115 138
116 138
116 137
116 136
117 136
117 135
118 135
118 134
119 134
119 133
120 133
120 132
121 132
121 131
121 130
122 130
122 129
123 129
123 128
124 128
124 127
125 127
125 126
126 126
126 125
127 125
127 124
128 124
128 123
129 123
129 122
130 122
130 121
131 121
131 120
132 120
132 119
133 119
133 118
134 118
134 117
135 117
135 116
136 116
136 115
137 115
137 114
138 114
138 113
139 113
139 112
140 112
140 111
141 111
141 110
142 110
143 110
143 109
144 109
144 108
145 108
145 107
146 107
146 106
147 106
147 105
148 105
148 104
149 104
150 104
150 103
151 103
151 102
152 102
152 101
153 101
153 100
154 100
155 100
155 99
156 99
156 98
157 98
157 97
158 97
159 97
159 96
160 96
160 95
161 95
162 95
162 94
163 94
163 93
164 93
165 93
165 92
166 92
166 91
167 91
168 91
168 90
169 90
170 90
170 89
171 89
171 88
172 88
173 88
173 87
174 87
175 87
175 86
176 86
176 85
177 85
178 85
178 84
179 84
180 84
180 83
181 83
182 83
182 82
183 82
184 82
184 81
185 81
185 80
186 80
187 80
187 79
188 79
189 79
189 78
190 78
191 78
191 77
192 77
193 77
193 76
194 76
195 76
195 75
196 75
197 75
197 74
198 74
198 73
199 73
200 73
200 72
201 72
202 72
202 71
203 71
203 70
204 70
205 70
205 69
206 69
207 69
207 68
208 68
209 68
209 67
210 67
211 67
211 66
212 66
213 66
213 65
214 65
215 65
215 64
216 64
217 64
217 63
218 63
219 63
219 62
220 62
221 62
221 61
222 61
223 61
223 60
224 60
225 60
225 59
226 59
227 59
228 59
228 58
229 58
230 58
230 57
231 57
232 57
232 56
233 56
234 56
235 56
235 55
236 55
237 55
238 55
238 54
239 54
240 54
241 54
241 53
242 53
243 53
243 52
244 52
245 52
246 52
246 51
247 51
248 51
248 50
249 50
250 50
250 49
251 49
252 49
252 48
253 48
254 48
254 47
255 47
256 47
256 46
257 46
258 46
258 45
259 45
260 45
260 44
261 44
262 44
262 43
263 43
264 43
265 43
265 42
266 42
267 42
268 42
268 41
269 41
270 41
271 41
271 40
272 40
273 40
274 40
275 40
275 39
276 39
277 39
278 39
279 39
279 38
280 38
281 38
282 38
283 38
283 37
284 37
285 37
286 37
287 37
288 37
289 37
290 37
290 36
291 36
292 36
293 36
294 36
295 36
296 36
297 36
298 36
298 35
299 35
300 35
301 35
302 35
303 35
304 35
305 35
306 35
307 35
308 35
309 35
310 35
311 35
312 35
313 35
314 35
315 35
316 35
268 224
268 225
267 225
266 225
266 226
266 227
266 228
266 229
265 229
265 230
265 231
265 232
265 233
265 234
264 234
264 235
264 236
264 237
264 238
263 238
263 239
263 240
263 241
263 242
263 243
262 243
262 244
262 245
262 246
262 247
261 247
261 248
261 249
261 250
261 251
261 252
260 252
260 253
260 254
260 255
260 256
259 256
259 257
259 258
259 259
259 260
259 261
259 262
258 262
258 263
258 264
258 265
258 266
258 267
258 268
258 269
258 270
258 271
257 271
257 272
257 273
257 274
257 275
257 276
257 277
257 278
257 279
257 280
257 281
257 282
257 283
257 284
257 285
257 286
257 287
257 288
257 289
257 290
257 291
257 292
257 293
257 294
257 295
257 296
257 297
257 298
257 299
257 300
257 301
257 302
257 303
257 304
257 305
258 305
258 306
258 307
258 308
258 309
259 309
259 310
259 311
259 312
260 312
260 313
261 313
261 314
262 314
262 315
263 315
263 316
264 316
265 316
265 317
266 317
267 317
267 318
268 318
269 318
269 319
270 319
271 319
271 320
272 320
273 320
274 320
274 321
275 321
276 321
276 322
277 322
278 322
279 322
279 323
280 323
281 323
281 324
282 324
283 324
284 324
284 325
285 325
286 325
286 326
287 326
288 326
288 327
289 327
289 328
290 328
291 328
291 329
292 329
293 329
293 330
294 330
295 330
295 331
296 331
296 332
297 332
298 332
298 333
299 333
299 334
300 334
301 334
301 335
302 335
302 336
303 336
304 336
304 337
305 337
306 337
307 337
307 338
308 338
309 338
310 338
310 339
311 339
312 339
313 339
313 340
314 340
315 340
316 340
316 341
317 341
318 341
319 341
320 341
320 342
321 342
322 342
323 342
324 342
324 343
325 343
326 343
327 343
328 343
328 344
329 344
330 344
331 344
332 344
333 344
333 345
334 345
335 345
336 345
337 345
338 345
339 345
339 346
340 346
341 346
342 346
343 346
344 346
345 346
346 346
346 347
347 347
348 347
349 347
350 347
351 347
352 347
353 347
353 348
354 348
355 348
356 348
357 348
358 348
359 348
360 348
361 348
362 348
363 348
364 348
365 348
366 348
367 348
368 348
369 348
370 348
371 348
371 347
372 347
372 346
373 346
373 345
373 344
374 344
374 343
375 343
375 342
376 342
376 341
376 340
377 340
377 339
378 339
378 338
379 338
379 337
379 336
380 336
380 335
381 335
381 334
381 333
382 333
382 332
383 332
383 331
383 330
384 330
384 329
384 328
385 328
385 327
386 327
386 326
386 325
387 325
387 324
387 323
388 323
388 322
388 321
389 321
389 320
389 319
390 319
390 318
390 317
391 317
391 316
391 315
392 315
392 314
392 313
393 313
393 312
393 311
394 311
394 310
394 309
394 308
395 308
395 307
395 306
395 305
396 305
396 304
396 303
396 302
396 301
396 300
396 299
396 298
396 297
396 296
395 296
395 295
395 294
395 293
395 292
395 291
395 290
394 290
394 289
394 288
393 288
393 287
393 286
392 286
392 285
392 284
391 284
391 283
390 283
390 282
390 281
389 281
389 280
388 280
388 279
388 278
387 278
387 277
387 276
386 276
386 275
385 275
385 274
385 273
384 273
384 272
384 271
383 271
383 270
383 269
382 269
382 268
381 268
381 267
381 266
380 266
380 265
380 264
379 264
379 263
379 262
378 262
378 261
378 260
377 260
377 259
377 258
376 258
376 257
376 256
375 256
375 255
374 255
374 254
374 253
373 253
373 252
372 252
372 251
372 250
371 250
370 250
370 249
369 249
369 248
368 248
368 247
367 247
366 247
366 246
365 246
364 246
364 245
363 245
362 245
362 244
361 244
360 244
360 243
359 243
359 242
358 242
357 242
357 241
356 241
355 241
355 240
354 240
354 239
353 239
352 239
352 238
351 238
351 237
350 237
349 237
348 237
348 236
347 236
346 236
346 235
345 235
344 235
343 235
343 234
342 234
341 234
341 233
340 233
339 233
339 232
338 232
337 232
337 231
336 231
335 231
335 230
334 230
333 230
333 229
332 229
331 229
331 228
330 228
329 228
328 228
327 228
326 228
325 228
324 228
323 228
322 228
321 228
320 228
320 227
319 227
318 227
317 227
316 227
315 227
314 227
313 227
312 227
311 227
311 226
310 226
309 226
308 226
307 226
307 225
306 225
305 225
304 225
303 225
302 225
302 224
301 224
300 224
299 224
298 224
297 224
296 224
295 224
294 224
293 224
292 224
291 224
290 224
289 224
288 224
287 224
286 224
285 224
284 224
283 224
282 224
281 224
280 224
279 224
278 224
277 224
276 224
275 224
274 224
273 224
272 224
271 224
270 224
269 224

%edges
0 1
1 2
2 3
3 4
4 5
5 6
6 7
7 8
8 9
9 10
10 11
11 12
12 13
13 14
14 15
15 16
16 17
17 18
18 19
19 20
20 21
21 22
22 23
23 24
24 25
25 26
26 27
27 28
28 29
29 30
30 31
31 32
32 33
33 34
34 35
35 36
36 37
37 38
38 39
39 40
40 41
41 42
42 43
43 44
44 45
45 46
46 47
47 48
48 49
49 50
50 51
51 52
52 53
53 54
54 55
55 56
56 57
57 58
58 59
59 60
60 61
61 62
62 63
63 64
64 65
65 66
66 67
67 68
68 69
69 70
70 71
71 72
72 73
73 74
74 75
75 76
76 77
77 78
78 79
79 80
80 81
81 82
82 83
83 84
84 85
85 86
86 87
87 88
88 89
89 90
90 91
91 92
92 93
93 94
94 95
95 96
96 97
97 98
98 99
99 100
100 101
101 102
102 103
103 104
104 105
105 106
106 107
107 108
108 109
109 110
110 111
111 112
112 113
113 114
114 115
115 116
116 117
117 118
118 119
119 120
120 121
121 122
122 123
123 124
124 125
125 126
126 127
127 128
128 129
129 130
130 131
131 132
132 133
133 134
134 135
135 136
136 137
137 138
138 139
139 140
140 141
141 142
142 143
143 144
144 145
145 146
146 147
147 148
148 149
149 150
150 151
151 152
152 153
153 154
154 155
155 156
156 157
157 158
158 159
159 160
160 161
161 162
162 163
163 164
164 165
165 166
166 167
167 168
168 169
169 170
170 171
171 172
172 173
173 174
174 175
175 176
176 177
177 178
178 179
179 180
180 181
181 182
182 183
183 184
184 185
185 186
186 187
187 188
188 189
189 190
190 191
191 192
192 193
193 194
194 195
195 196
196 197
197 198
198 199
199 200
200 201
201 202
202 203
203 204
204 205
205 206
206 207
207 208
208 209
209 210
210 211
211 212
212 213
213 214
214 215
215 216
216 217
217 218
218 219
219 220
220 221
221 222
222 223
223 224
224 225
225 226
226 227
227 228
228 229
229 230
230 231
231 232
232 233
233 234
234 235
235 236
236 237
237 238
238 239
239 240
240 241
241 242
242 243
243 244
244 245
245 246
246 247
247 248
248 249
249 250
250 251
251 252
252 253
253 254
254 255
255 256
256 257
257 258
258 259
259 260
260 261
261 262
262 263
263 264
264 265
265 266
266 267
267 268
268 269
269 270
270 271
271 272
272 273
273 274
274 275
275 276
276 277
277 278
278 279
279 280
280 281
281 282
282 283
283 284
284 285
285 286
286 287
287 288
288 289
289 290
290 291
291 292
292 293
293 294
294 295
295 296
296 297
297 298
298 299
299 300
300 301
301 302
302 303
303 304
304 305
305 306
306 307
307 308
308 309
309 310
310 311
311 312
312 313
313 314
314 315
315 316
316 317
317 318
318 319
319 320
320 321
321 322
322 323
323 324
324 325
325 326
326 327
327 328
328 329
329 330
330 331
331 332
332 333
333 334
334 335
335 336
336 337
337 338
338 339
339 340
340 341
341 342
342 343
343 344
344 345
345 346
346 347
347 348
348 349
349 350
350 351
351 352
352 353
353 354
354 355
355 356
356 357
357 358
358 359
359 360
360 361
361 362
362 363
363 364
364 365
365 366
366 367
367 368
368 369
369 370
370 371
371 372
372 373
373 374
374 375
375 376
376 377
377 378
378 379
379 380
380 381
381 382
382 383
383 384
384 385
385 386
386 387
387 388
388 389
389 390
390 391
391 392
392 393
393 394
394 395
395 396
396 397
397 398
398 399
399 400
400 401
401 402
402 403
403 404
404 405
405 406
406 407
407 408
408 409
409 410
410 411
411 412
412 413
413 414
414 415
415 416
416 417
417 418
418 419
419 420
420 421
421 422
422 423
423 424
424 425
425 426
426 427
427 428
428 429
429 430
430 431
431 432
432 433
433 434
434 435
435 436
436 437
437 438
438 439
439 440
440 441
441 442
442 443
443 444
444 445
445 446
446 447
447 448
448 449
449 450
450 451
451 452
452 453
453 454
454 455
455 456
456 457
457 458
458 459
459 460
460 461
461 462
462 463
463 464
464 465
465 466
466 467
467 468
468 469
469 470
470 471
471 472
472 473
473 474
474 475
475 476
476 477
477 478
478 479
479 480
480 481
481 482
482 483
483 484
484 485
485 486
486 487
487 488
488 489
489 490
490 491
491 492
492 493
493 494
494 495
495 496
496 497
497 498
498 499
499 500
500 501
501 502
502 503
503 504
504 505
505 506
506 507
507 508
508 509
509 510
510 511
511 512
512 513
513 514
514 515
515 516
516 517
517 518
518 519
519 520
520 521
521 522
522 523
523 524
524 525
525 526
526 527
527 528
528 529
529 530
530 531
531 532
532 533
533 534
534 535
535 536
536 537
537 538
538 539
539 540
540 541
541 542
542 543
543 544
544 545
545 546
546 547
547 548
548 549
549 550
550 551
551 552
552 553
553 554
554 555
555 556
556 557
557 558
558 559
559 560
560 561
561 562
562 563
563 564
564 565
565 566
566 567
567 568
568 569
569 570
570 571
571 572
572 573
573 574
574 575
575 576
576 577
577 578
578 579
579 580
580 581
581 582
582 583
583 584
584 585
585 586
586 587
587 588
588 589
589 590
590 591
591 592
592 593
593 594
594 595
595 596
596 597
597 598
598 599
599 600
600 601
601 602
602 603
603 604
604 605
605 606
606 607
607 608
608 609
609 610
610 611
611 612
612 613
613 614
614 615
615 616
616 617
617 618
618 619
619 620
620 621
621 622
622 623
623 624
624 625
625 626
626 627
627 628
628 629
629 630
630 631
631 632
632 633
633 634
634 635
635 636
636 637
637 638
638 639
639 640
640 641
641 642
642 643
643 644
644 645
645 646
646 647
647 648
648 649
649 650
650 651
651 652
652 653
653 654
654 655
655 656
656 657
657 658
658 659
659 660
660 661
661 662
662 663
663 664
664 665
665 666
666 667
667 668
668 669
669 670
670 671
671 672
672 673
673 674
674 675
675 676
676 677
677 678
678 679
679 680
680 681
681 682
682 683
683 684
684 685
685 686
686 687
687 688
688 689
689 690
690 691
691 692
692 693
693 694
694 695
695 696
696 697
697 698
698 699
699 700
700 701
701 702
702 703
703 704
704 705
705 706
706 707
707 708
708 709
709 710
710 711
711 712
712 713
713 714
714 715
715 716
716 717
717 718
718 719
719 720
720 721
721 722
722 723
723 724
724 725
725 726
726 727
727 728
728 729
729 730
730 731
731 732
732 733
733 734
734 735
735 736
736 737
737 738
738 739
739 740
740 741
741 742
742 743
743 744
744 745
745 746
746 747
747 748
748 749
749 750
750 751
751 752
752 753
753 754
754 755
755 756
756 757
757 758
758 759
759 760
760 761
761 762
762 763
763 764
764 765
765 766
766 767
767 768
768 769
769 770
770 771
771 772
772 773
773 774
774 775
775 776
776 777
777 778
778 779
779 780
780 781
781 782
782 783
783 784
784 785
785 786
786 787
787 788
788 789
789 790
790 791
791 792
792 793
793 794
794 795
795 796
796 797
797 798
798 799
799 800
800 801
801 802
802 803
803 804
804 805
805 806
806 807
807 808
808 809
809 810
810 811
811 812
812 813
813 814
814 815
815 816
816 817
817 818
818 819
819 820
820 821
821 822
822 823
823 824
824 825
825 826
826 827
827 828
828 829
829 830
830 831
831 832
832 833
833 834
834 835
835 836
836 837
837 838
838 839
839 840
840 841
841 842
842 843
843 844
844 845
845 846
846 847
847 848
848 849
849 850
850 851
851 852
852 853
853 854
854 855
855 856
856 857
857 858
858 859
859 860
860 861
861 862
862 863
863 864
864 865
865 866
866 867
867 868
868 869
869 870
870 871
871 872
872 873
873 874
874 875
875 876
876 877
877 878
878 879
879 880
880 881
881 882
882 883
883 884
884 885
885 886
886 887
887 888
888 889
889 890
890 891
891 892
892 893
893 894
894 895
895 896
896 897
897 898
898 899
899 900
900 901
901 902
902 903
903 904
904 905
905 906
906 907
907 908
908 909
909 910
910 911
911 912
912 913
913 914
914 915
915 916
916 917
917 918
918 919
919 920
920 921
921 922
922 923
923 924
924 925
925 926
926 927
927 928
928 929
929 930
930 931
931 932
932 933
933 934
934 935
935 936
936 937
937 938
938 939
939 940
940 941
941 942
942 943
943 944
944 945
945 946
946 947
947 948
948 949
949 950
950 951
951 952
952 953
953 954
954 955
955 956
956 957
957 958
958 959
959 960
960 961
961 962
962 963
963 964
964 965
965 966
966 967
967 968
968 969
969 970
970 971
971 972
972 973
973 974
974 975
975 976
976 977
977 978
978 979
979 980
980 981
981 982
982 983
983 984
984 985
985 986
986 987
987 988
988 989
989 990
990 991
991 992
992 993
993 994
994 995
995 996
996 997
997 998
998 999
999 1000
1000 1001
1001 1002
1002 1003
1003 1004
1004 1005
1005 1006
1006 1007
1007 1008
1008 1009
1009 1010
1010 1011
1011 1012
1012 1013
1013 1014
1014 1015
1015 1016
1016 1017
1017 1018
1018 1019
1019 1020
1020 1021
1021 1022
1022 1023
1023 1024
1024 1025
1025 1026
1026 1027
1027 1028
1028 1029
1029 1030
1030 1031
1031 1032
1032 1033
1033 1034
1034 1035
1035 1036
1036 1037
1037 1038
1038 1039
1039 1040
1040 1041
1041 1042
1042 1043
1043 1044
1044 1045
1045 1046
1046 1047
1047 1048
1048 1049
1049 1050
1050 1051
1051 1052
1052 1053
1053 1054
1054 1055
1055 1056
1056 1057
1057 1058
1058 1059
1059 1060
1060 1061
1061 1062
1062 1063
1063 1064
1064 1065
1065 1066
1066 1067
1067 1068
1068 1069
1069 1070
1070 1071
1071 1072
1072 1073
1073 1074
1074 1075
1075 1076
1076 1077
1077 1078
1078 1079
1079 1080
1080 1081
1081 1082
1082 1083
1083 1084
1084 1085
1085 1086
1086 1087
1087 1088
1088 1089
1089 1090
1090 1091
1091 1092
1092 1093
1093 1094
1094 1095
1095 1096
1096 1097
1097 1098
1098 1099
1099 1100
1100 1101
1101 1102
1102 1103
1103 1104
1104 1105
1105 1106
1106 1107
1107 1108
1108 1109
1109 1110
1110 1111
1111 1112
1112 1113
1113 1114
1114 1115
1115 1116
1116 1117
1117 1118
1118 1119
1119 1120
1120 1121
1121 1122
1122 1123
1123 1124
1124 1125
1125 1126
1126 1127
1127 1128
1128 1129
1129 1130
1130 1131
1131 1132
1132 1133
1133 1134
1134 1135
1135 1136
1136 1137
1137 1138
1138 1139
1139 1140
1140 1141
1141 1142
1142 1143
1143 1144
1144 1145
1145 1146
1146 1147
1147 1148
1148 1149
1149 1150
1150 1151
1151 1152
1152 1153
1153 1154
1154 1155
1155 1156
1156 1157
1157 1158
1158 1159
1159 1160
1160 1161
1161 1162
1162 1163
1163 1164
1164 1165
1165 1166
1166 1167
1167 1168
1168 1169
1169 1170
1170 1171
1171 1172
1172 1173
1173 1174
1174 1175
1175 1176
1176 1177
1177 1178
1178 1179
1179 1180
1180 1181
1181 1182
1182 1183
1183 1184
1184 1185
1185 1186
1186 1187
1187 1188
1188 1189
1189 1190
1190 1191
1191 1192
1192 1193
1193 1194
1194 1195
1195 1196
1196 1197
1197 1198
1198 1199
1199 1200
1200 1201
1201 1202
1202 1203
1203 1204
1204 1205
1205 1206
1206 1207
1207 1208
1208 1209
1209 1210
1210 1211
1211 1212
1212 1213
1213 1214
1214 1215
1215 1216
1216 1217
1217 1218
1218 1219
1219 1220
1220 1221
1221 1222
1222 1223
1223 1224
1224 1225
1225 1226
1226 1227
1227 1228
1228 1229
1229 1230
1230 1231
1231 1232
1232 1233
1233 1234
1234 1235
1235 1236
1236 1237
1237 1238
1238 1239
1239 1240
1240 1241
1241 1242
1242 1243
1243 1244
1244 1245
1245 1246
1246 1247
1247 1248
1248 1249
1249 1250
1250 1251
1251 1252
1252 1253
1253 1254
1254 1255
1255 1256
1256 1257
1257 1258
1258 1259
1259 1260
1260 1261
1261 1262
1262 1263
1263 1264
1264 1265
1265 1266
1266 1267
1267 1268
1268 1269
1269 1270
1270 1271
1271 1272
1272 1273
1273 1274
1274 1275
1275 1276
1276 1277
1277 1278
1278 1279
1279 1280
1280 1281
1281 1282
1282 1283
1283 1284
1284 1285
1285 1286
1286 1287
1287 1288
1288 1289
1289 1290
1290 1291
1291 1292
1292 1293
1293 1294
1294 1295
1295 1296
1296 1297
1297 1298
1298 1299
1299 1300
1300 1301
1301 1302
1302 1303
1303 1304
1304 1305
1305 1306
1306 1307
1307 1308
1308 1309
1309 1310
1310 1311
1311 1312
1312 1313
1313 1314
1314 1315
1315 1316
1316 1317
1317 1318
1318 1319
1319 1320
1320 1321
1321 1322
1322 1323
1323 1324
1324 1325
1325 1326
1326 1327
1327 1328
1328 1329
1329 1330
1330 1331
1331 1332
1332 1333
1333 1334
1334 1335
1335 1336
1336 1337
1337 1338
1338 1339
1339 1340
1340 1341
1341 1342
1342 1343
1343 1344
1344 1345
1345 1346
1346 1347
1347 1348
1348 1349
1349 1350
1350 1351
1351 1352
1352 1353
1353 1354
1354 1355
1355 1356
1356 1357
1357 1358
1358 1359
1359 1360
1360 1361
1361 1362
1362 1363
1363 1364
1364 1365
1365 1366
1366 1367
1367 1368
1368 1369
1369 1370
1370 1371
1371 1372
1372 1373
1373 1374
1374 1375
1375 1376
1376 1377
1377 1378
1378 1379
1379 1380
1380 1381
1381 1382
1382 1383
1383 1384
1384 1385
1385 1386
1386 1387
1387 1388
1388 1389
1389 1390
1390 1391
1391 1392
1392 1393
1393 1394
1394 1395
1395 1396
1396 1397
1397 1398
1398 1399
1399 1400
1400 1401
1401 1402
1402 1403
1403 1404
1404 1405
1405 1406
1406 1407
1407 1408
1408 1409
1409 1410
1410 1411
1411 1412
1412 1413
1413 1414
1414 1415
1415 1416
1416 1417
1417 1418
1418 1419
1419 1420
1420 1421
1421 1422
1422 1423
1423 1424
1424 1425
1425 1426
1426 1427
1427 1428
1428 1429
1429 1430
1430 1431
1431 1432
1432 1433
1433 1434
1434 1435
1435 1436
1436 1437
1437 1438
1438 1439
1439 1440
1440 1441
1441 1442
1442 1443
1443 1444
1444 1445
1445 1446
1446 1447
1447 1448
1448 1449
1449 1450
1450 1451
1451 1452
1452 1453
1453 1454
1454 1455
1455 1456
1456 1457
1457 1458
1458 1459
1459 1460
1460 1461
1461 1462
1462 1463
1463 1464
1464 1465
1465 1466
1466 1467
1467 1468
1468 1469
1469 1470
1470 1471
1471 1472
1472 1473
1473 1474
1474 1475
1475 1476
1476 1477
1477 1478
1478 1479
1479 1480
1480 1481
1481 1482
1482 1483
1483 1484
1484 1485
1485 1486
1486 1487
1487 1488
1488 1489
1489 1490
1490 1491
1491 1492
1492 1493
1493 1494
1494 1495
1495 1496
1496 1497
1497 1498
1498 1499
1499 1500
1500 1501
1501 1502
1502 1503
1503 1504
1504 1505
1505 1506
1506 1507
1507 1508
1508 1509
1509 1510
1510 1511
1511 1512
1512 1513
1513 1514
1514 1515
1515 1516
1516 1517
1517 1518
1518 1519
1519 1520
1520 1521
1521 1522
1522 1523
1523 1524
1524 1525
1525 1526
1526 1527
1527 1528
1528 1529
1529 1530
1530 1531
1531 1532
1532 1533
1533 1534
1534 1535
1535 1536
1536 1537
1537 1538
1538 1539
1539 1540
1540 1541
1541 1542
1542 1543
1543 1544
1544 1545
1545 1546
1546 1547
1547 1548
1548 1549
1549 1550
1550 1551
1551 1552
1552 1553
1553 1554
1554 1555
1555 1556
1556 1557
1557 1558
1558 1559
1559 1560
1560 1561
1561 1562
1562 1563
1563 1564
1564 1565
1565 1566
1566 1567
1567 1568
1568 1569
1569 1570
1570 1571
1571 1572
1572 1573
1573 1574
1574 1575
1575 1576
1576 1577
1577 1578
1578 1579
1579 1580
1580 1581
1581 1582
1582 1583
1583 1584
1584 1585
1585 1586
1586 1587
1587 1588
1588 1589
1589 1590
1590 1591
1591 1592
1592 1593
1593 1594
1594 1595
1595 1596
1596 1597
1597 1598
1598 1599
1599 1600
1600 1601
1601 1602
1602 1603
1603 1604
1604 1605
1605 1606
1606 1607
1607 1608
1608 1609
1609 1610
1610 1611
1611 1612
1612 1613
1613 1614
1614 1615
1615 1616
1616 1617
1617 1618
1618 1619
1619 1620
1620 1621
1621 1622
1622 1623
1623 1624
1624 1625
1625 1626
1626 1627
1627 1628
1628 1629
1629 1630
1630 1631
1631 1632
1632 1633
1633 1634
1634 1635
1635 1636
1636 1637
1637 1638
1638 1639
1639 1640
1640 1641
1641 1642
1642 1643
1643 1644
1644 1645
1645 1646
1646 1647
1647 1648
1648 1649
1649 1650
1650 1651
1651 1652
1652 1653
1653 1654
1654 1655
1655 1656
1656 1657
1657 1658
1658 1659
1659 1660
1660 1661
1661 1662
1662 1663
1663 1664
1664 1665
1665 1666
1666 1667
1667 1668
1668 1669
1669 1670
1670 1671
1671 1672
1672 1673
1673 1674
1674 1675
1675 1676
1676 1677
1677 1678
1678 1679
1679 1680
1680 1681
1681 1682
1682 1683
1683 1684
1684 1685
1685 1686
1686 1687
1687 1688
1688 1689
1689 1690
1690 1691
1691 1692
1692 1693
1693 1694
1694 1695
1695 1696
1696 1697
1697 1698
1698 1699
1699 1700
1700 1701
1701 1702
1702 1703
1703 1704
1704 1705
1705 1706
1706 1707
1707 1708
1708 1709
1709 1710
1710 1711
1711 1712
1712 1713
1713 1714
1714 1715
1715 1716
1716 1717
1717 1718
1718 1719
1719 1720
1720 1721
1721 1722
1722 1723
1723 1724
1724 1725
1725 1726
1726 1727
1727 1728
1728 1729
1729 1730
1730 1731
1731 1732
1732 1733
1733 1734
1734 1735
1735 1736
1736 1737
1737 1738
1738 1739
1739 1740
1740 1741
1741 1742
1742 1743
1743 1744
1744 1745
1745 1746
1746 1747
1747 1748
1748 1749
1749 1750
1750 1751
1751 1752
1752 1753
1753 1754
1754 1755
1755 1756
1756 1757
1757 1758
1758 1759
1759 1760
1760 1761
1761 1762
1762 1763
1763 1764
1764 1765
1765 1766
1766 1767
1767 1768
1768 1769
1769 1770
1770 1771
1771 1772
1772 1773
1773 1774
1774 1775
1775 1776
1776 1777
1777 1778
1778 1779
1779 1780
1780 1781
1781 1782
1782 1783
1783 1784
1784 1785
1785 1786
1786 1787
1787 1788
1788 1789
1789 1790
1790 1791
1791 1792
1792 1793
1793 1794
1794 1795
1795 1796
1796 1797
1797 1798
1798 1799
1799 1800
1800 1801
1801 1802
1802 1803
1803 1804
1804 1805
1805 1806
1806 1807
1807 1808
1808 1809
1809 1810
1810 1811
1811 1812
1812 1813
1813 1814
1814 1815
1815 1816
1816 1817
1817 1818
1818 1819
1819 1820
1820 1821
1821 1822
1822 1823
1823 1824
1824 1825
1825 1826
1826 1827
1827 1828
1828 1829
1829 1830
1830 1831
1831 1832
1832 1833
1833 1834
1834 1835
1835 1836
1836 1837
1837 1838
1838 1839
1839 1840
1840 1841
1841 1842
1842 1843
1843 1844
1844 1845
1845 1846
1846 1847
1847 1848
1848 1849
1849 1850
1850 1851
1851 1852
1852 1853
1853 1854
1854 1855
1855 1856
1856 1857
1857 1858
1858 1859
1859 1860
1860 1861
1861 1862
1862 1863
1863 1864
1864 1865
1865 1866
1866 1867
1867 1868
1868 1869
1869 1870
1870 1871
1871 1872
1872 1873
1873 1874
1874 1875
1875 1876
1876 1877
1877 1878
1878 1879
1879 1880
1880 1881
1881 1882
1882 1883
1883 1884
1884 1885
1885 1886
1886 1887
1887 1888
1888 1889
1889 1890
1890 1891
1891 1892
1892 1893
1893 1894
1894 1895
1895 1896
1896 1897
1897 1898
1898 1899
1899 1900
1900 1901
1901 1902
1902 1903
1903 1904
1904 1905
1905 1906
1906 1907
1907 1908
1908 1909
1909 1910
1910 1911
1911 1912
1912 1913
1913 1914
1914 1915
1915 1916
1916 1917
1917 1918
1918 1919
1919 1920
1920 1921
1921 1922
1922 1923
1923 1924
1924 1925
1925 1926
1926 1927
1927 1928
1928 1929
1929 1930
1930 1931
1931 1932
1932 1933
1933 1934
1934 1935
1935 1936
1936 1937
1937 1938
1938 1939
1939 1940
1940 1941
1941 1942
1942 1943
1943 1944
1944 1945
1945 1946
1946 1947
1947 1948
1948 1949
1949 1950
1950 1951
1951 1952
1952 1953
1953 1954
1954 1955
1955 1956
1956 1957
1957 1958
1958 1959
1959 1960
1960 1961
1961 1962
1962 1963
1963 1964
1964 1965
1965 1966
1966 1967
1967 1968
1968 1969
1969 1970
1970 1971
1971 1972
1972 1973
1973 1974
1974 1975
1975 1976
1976 1977
1977 1978
1978 1979
1979 1980
1980 1981
1981 1982
1982 1983
1983 1984
1984 1985
1985 1986
1986 1987
1987 1988
1988 1989
1989 1990
1990 1991
1991 1992
1992 1993
1993 1994
1994 1995
1995 1996
1996 1997
1997 1998
1998 1999
1999 2000
2000 2001
2001 2002
2002 2003
2003 2004
2004 2005
2005 2006
2006 2007
2007 2008
2008 2009
2009 2010
2010 2011
2011 2012
2012 2013
2013 2014
2014 2015
2015 2016
2016 2017
2017 2018
2018 2019
2019 2020
2020 2021
2021 2022
2022 2023
2023 2024
2024 2025
2025 2026
2026 2027
2027 2028
2028 2029
2029 0
2030 2031
2031 2032
2032 2033
2033 2034
2034 2035
2035 2036
2036 2037
2037 2038
2038 2039
2039 2040
2040 2041
2041 2042
2042 2043
2043 2044
2044 2045
2045 2046
2046 2047
2047 2048
2048 2049
2049 2050
2050 2051
2051 2052
2052 2053
2053 2054
2054 2055
2055 2056
2056 2057
2057 2058
2058 2059
2059 2060
2060 2061
2061 2062
2062 2063
2063 2064
2064 2065
2065 2066
2066 2067
2067 2068
2068 2069
2069 2070
2070 2071
2071 2072
2072 2073
2073 2074
2074 2075
2075 2076
2076 2077
2077 2078
2078 2079
2079 2080
2080 2081
2081 2082
2082 2083
2083 2084
2084 2085
2085 2086
2086 2087
2087 2088
2088 2089
2089 2090
2090 2091
2091 2092
2092 2093
2093 2094
2094 2095
2095 2096
2096 2097
2097 2098
2098 2099
2099 2100
2100 2101
2101 2102
2102 2103
2103 2104
2104 2105
2105 2106
2106 2107
2107 2108
2108 2109
2109 2110
2110 2111
2111 2112
2112 2113
2113 2114
2114 2115
2115 2116
2116 2117
2117 2118
2118 2119
2119 2120
2120 2121
2121 2122
2122 2123
2123 2124
2124 2125
2125 2126
2126 2127
2127 2128
2128 2129
2129 2130
2130 2131
2131 2132
2132 2133
2133 2134
2134 2135
2135 2136
2136 2137
2137 2138
2138 2139
2139 2140
2140 2141
2141 2142
2142 2143
2143 2144
2144 2145
2145 2146
2146 2147
2147 2148
2148 2149
2149 2150
2150 2151
2151 2152
2152 2153
2153 2154
2154 2155
2155 2156
2156 2157
2157 2158
2158 2159
2159 2160
2160 2161
2161 2162
2162 2163
2163 2164
2164 2165
2165 2166
2166 2167
2167 2168
2168 2169
2169 2170
2170 2171
2171 2172
2172 2173
2173 2174
2174 2175
2175 2176
2176 2177
2177 2178
2178 2179
2179 2180
2180 2181
2181 2182
2182 2183
2183 2184
2184 2185
2185 2186
2186 2187
2187 2188
2188 2189
2189 2190
2190 2191
2191 2192
2192 2193
2193 2194
2194 2195
2195 2196
2196 2197
2197 2198
2198 2199
2199 2200
2200 2201
2201 2202
2202 2203
2203 2204
2204 2205
2205 2206
2206 2207
2207 2208
2208 2209
2209 2210
2210 2211
2211 2212
2212 2213
2213 2214
2214 2215
2215 2216
2216 2217
2217 2218
2218 2219
2219 2220
2220 2221
2221 2222
2222 2223
2223 2224
2224 2225
2225 2226
2226 2227
2227 2228
2228 2229
2229 2230
2230 2231
2231 2232
2232 2233
2233 2234
2234 2235
2235 2236
2236 2237
2237 2238
2238 2239
2239 2240
2240 2241
2241 2242
2242 2243
2243 2244
2244 2245
2245 2246
2246 2247
2247 2248
2248 2249
2249 2250
2250 2251
2251 2252
2252 2253
2253 2254
2254 2255
2255 2256
2256 2257
2257 2258
2258 2259
2259 2260
2260 2261
2261 2262
2262 2263
2263 2264
2264 2265
2265 2266
2266 2267
2267 2268
2268 2269
2269 2270
2270 2271
2271 2272
2272 2273
2273 2274
2274 2275
2275 2276
2276 2277
2277 2278
2278 2279
2279 2280
2280 2281
2281 2282
2282 2283
2283 2284
2284 2285
2285 2286
2286 2287
2287 2288
2288 2289
2289 2290
2290 2291
2291 2292
2292 2293
2293 2294
2294 2295
2295 2296
2296 2297
2297 2298
2298 2299
2299 2300
2300 2301
2301 2302
2302 2303
2303 2304
2304 2305
2305 2306
2306 2307
2307 2308
2308 2309
2309 2310
2310 2311
2311 2312
2312 2313
2313 2314
2314 2315
2315 2316
2316 2317
2317 2318
2318 2319
2319 2320
2320 2321
2321 2322
2322 2323
2323 2324
2324 2325
2325 2326
2326 2327
2327 2328
2328 2329
2329 2330
2330 2331
2331 2332
2332 2333
2333 2334
2334 2335
2335 2336
2336 2337
2337 2338
2338 2339
2339 2340
2340 2341
2341 2342
2342 2343
2343 2344
2344 2345
2345 2346
2346 2347
2347 2348
2348 2349
2349 2350
2350 2351
2351 2352
2352 2353
2353 2354
2354 2355
2355 2356
2356 2357
2357 2358
2358 2359
2359 2360
2360 2361
2361 2362
2362 2363
2363 2364
2364 2365
2365 2366
2366 2367
2367 2368
2368 2369
2369 2370
2370 2371
2371 2372
2372 2373
2373 2374
2374 2375
2375 2376
2376 2377
2377 2378
2378 2379
2379 2380
2380 2381
2381 2382
2382 2383
2383 2384
2384 2385
2385 2386
2386 2387
2387 2388
2388 2389
2389 2390
2390 2391
2391 2392
2392 2393
2393 2394
2394 2395
2395 2396
2396 2397
2397 2398
2398 2399
2399 2400
2400 2401
2401 2402
2402 2403
2403 2404
2404 2405
2405 2406
2406 2407
2407 2408
2408 2409
2409 2410
2410 2411
2411 2412
2412 2413
2413 2414
2414 2415
2415 2416
2416 2417
2417 2418
2418 2419
2419 2420
2420 2421
2421 2422
2422 2423
2423 2424
2424 2425
2425 2426
2426 2427
2427 2428
2428 2429
2429 2430
2430 2431
2431 2432
2432 2433
2433 2434
2434 2435
2435 2436
2436 2437
2437 2438
2438 2439
2439 2440
2440 2441
2441 2442
2442 2443
2443 2444
2444 2445
2445 2446
2446 2447
2447 2448
2448 2449
2449 2450
2450 2451
2451 2452
2452 2453
2453 2454
2454 2455
2455 2456
2456 2457
2457 2458
2458 2459
2459 2460
2460 2461
2461 2462
2462 2463
2463 2464
2464 2465
2465 2466
2466 2467
2467 2468
2468 2469
2469 2470
2470 2471
2471 2472
2472 2473
2473 2474
2474 2475
2475 2476
2476 2477
2477 2478
2478 2479
2479 2480
2480 2481
2481 2482
2482 2483
2483 2484
2484 2485
2485 2486
2486 2487
2487 2488
2488 2489
2489 2490
2490 2491
2491 2492
2492 2493
2493 2494
2494 2495
2495 2496
2496 2497
2497 2498
2498 2499
2499 2500
2500 2501
2501 2502
2502 2503
2503 2504
2504 2505
2505 2506
2506 2507
2507 2508
2508 2509
2509 2510
2510 2511
2511 2512
2512 2513
2513 2514
2514 2515
2515 2516
2516 2517
2517 2518
2518 2519
2519 2520
2520 2521
2521 2522
2522 2523
2523 2524
2524 2525
2525 2526
2526 2527
2527 2528
2528 2529
2529 2530
2530 2531
2531 2532
2532 2533
2533 2534
2534 2535
2535 2536
2536 2537
2537 2538
2538 2539
2539 2540
2540 2541
2541 2542
2542 2543
2543 2544
2544 2545
2545 2546
2546 2547
2547 2548
2548 2549
2549 2550
2550 2551
2551 2552
2552 2553
2553 2554
2554 2555
2555 2030
