195.073 177.583 85.9349
201.295 170.928 84.9396
194.851 177.851 85.7049
204.887 167.484 84.5237
193.956 178.956 85.8528
207.091 165.527 84.2962
193.069 180.069 86.0126
209.761 163.391 83.9625
192.19 181.19 86.1842
210.36 162.933 83.9334
191.32 182.32 86.3676
215.126 159.544 83.4794
190.458 183.458 86.5629
219.462 156.684 83.2458
189.605 184.605 86.77
219.948 156.397 83.0714
189.443 184.825 87.076
228.389 151.556 83.0987
185.558 190.882 87.9902
228.898 151.297 82.9596
184.702 192.359 88.195
230.102 150.703 82.9596
183.188 195.292 88.525
230.898 150.297 82.9596
181.586 198.558 89.0038
232.904 149.308 82.9717
181.37 199.022 89.1063
242.299 144.831 83.8143
179.372 203.713 89.7925
247.075 142.757 84.4802
179.302 203.901 89.6733
247.54 142.581 84.3952
178.791 205.323 89.8835
249.656 141.813 84.6544
178.525 206.013 89.9229
251.786 141.071 84.9437
177.742 208.121 90.1657
253.929 140.357 85.2631
177.079 209.979 90.51
256.085 139.67 85.6126
175.949 213.79 90.8281
258.181 139.032 86.0856
175.865 214.046 90.9026
265.138 137.345 87.2691
175.853 214.088 90.8507
267.005 137.014 87.4634
174.341 218.815 91.2536
268.5 136.776 87.225
173.692 221.231 91.3402
269.5 136.612 87.3897
173.383 222.467 91.466
270.5 136.441 87.5603
173.341 222.668 91.4475
271.5 136.265 87.7367
173.276 222.944 91.445
272.5 136.082 87.9191
171.558 229.517 91.6478
273.5 135.894 88.1073
171.097 231.619 91.6962
274.5 135.7 88.3014
171.032 231.883 91.6965
275.5 135.5 88.5014
170.968 232.117 91.6965
276.424 135.31 89.2279
169.973 236.118 91.702
276.5 135.297 88.7049
169.069 240.142 91.8007
277.5 135.116 88.8851
169.017 240.403 91.8125
278.5 134.93 89.0712
168.4 243.983 91.8836
279.5 134.738 89.263
167.321 249.205 92.0599
280.5 134.541 89.4607
167.275 249.455 92.0758
281.5 134.337 89.6642
166.495 254.499 92.2998
282.5 134.128 89.8735
166.259 256.362 92.4076
283.5 133.913 90.0886
165.697 259.539 92.5065
284.5 133.692 90.3095
165.312 262.135 92.6055
285.5 133.465 90.5363
164.618 268.186 92.9152
286.5 133.233 90.7688
164.348 271.5 92.6535
287.5 132.994 91.0072
164.261 272.5 92.7405
287.72 132.94 91.505
164.168 273.5 92.8329
288.5 132.76 91.2413
164.094 274.266 93.3971
289.5 132.523 91.4782
164.078 274.5 92.923
289.956 132.412 92.0327
164.008 275.5 92.9932
290.5 132.287 91.714
163.932 276.5 93.0689
291.5 132.052 91.9496
163.851 277.5 93.15
292.192 131.885 92.5606
163.765 278.5 93.2365
292.5 131.814 92.1871
163.748 278.678 93.7441
293.5 131.58 92.4214
163.704 279.5 93.297
294.429 131.357 93.0889
163.645 280.5 93.3562
294.5 131.341 92.6604
163.581 281.5 93.4207
295.5 131.108 92.8934
163.511 282.5 93.4906
296.5 130.869 93.132
163.435 283.5 93.5659
296.665 130.829 93.6165
163.355 284.5 93.6465
297.5 130.636 93.3657
163.346 284.606 94.1482
297.594 130.613 93.9776
163.307 285.5 93.6938
298.5 130.5 93.5013
163.259 286.5 93.742
299.5 130.37 93.6318
163.206 287.5 93.7955
299.71 130.341 94.1419
163.147 288.5 93.8543
300.5 130.251 93.75
163.083 289.5 93.9184
301.257 130.161 94.3862
163.013 290.5 93.988
301.5 130.147 93.8543
162.939 291.5 94.0628
305.672 129.879 94.6854
162.858 292.5 94.143
311.732 129.75 95.2455
162.844 292.668 94.6498
312.5 129.791 94.7923
162.809 293.5 94.1928
313.5 129.849 94.8505
162.761 294.5 94.2407
314.5 129.913 94.914
162.707 295.5 94.2939
315.5 129.981 94.9828
162.649 296.5 94.3524
323.288 130.558 96.3236
162.585 297.5 94.4162
324 130.592 96.4246
162.516 298.5 94.4854
328.095 131.131 96.7958
162.449 299.395 95.0457
332.5 131.406 96.4075
162.447 299.5 94.5542
333.5 131.474 96.4753
162.421 300.5 94.5807
334.225 131.527 97.0217
162.389 301.5 94.6124
334.5 131.531 96.5324
162.352 302.5 94.6495
335.5 131.552 96.5531
162.31 303.5 94.6918
336.138 131.568 97.0633
162.262 304.5 94.7394
350.5 132.99 96.9909
162.03 308.878 95.5435
351.5 133.094 97.095
162.16 321.196 96.7077
352.5 133.203 97.2044
162.805 330.674 98.1137
353.5 133.318 97.319
162.865 331.955 98.36
354.5 133.438 97.4388
162.93 332.5 97.9313
355.071 133.509 98.0038
163.054 333.5 98.0557
355.969 133.688 98.0522
163.184 334.5 98.1852
361.906 135.062 98.4322
163.319 335.5 98.3199
364.238 135.679 98.61
163.459 336.5 98.4598
368.147 136.913 98.8533
163.604 337.5 98.6049
371.935 138.196 99.3122
164.266 341.911 99.8155
373.949 139.102 99.3465
164.948 347 100.851
376.119 140.262 99.1047
166.443 353.588 101.966
378.103 141.294 99.0692
168.002 358.961 102.908
380.099 142.303 99.0591
169.519 363.162 103.566
380.901 142.697 99.0591
170.328 365.121 103.884
381.5 143 99.1712
170.632 365.789 103.924
382.932 143.636 98.991
171.994 368.669 104.306
385.056 144.61 99.0061
173.402 371.533 104.737
397.37 149.848 99.2662
174.315 373.319 105.102
401.728 151.929 99.5862
176.64 377.444 105.736
403.765 152.971 99.8293
178.526 380.6 106.308
406.073 154.391 99.8836
179.217 381.642 106.348
407.535 155.444 99.8161
180.483 383.509 106.645
409.556 156.759 99.6917
181.429 384.873 107.026
411.502 158.096 99.5677
183.904 388.096 107.264
411.717 158.228 99.558
184.766 389.234 107.459
415.22 160.535 99.1417
185.621 390.379 107.664
417.661 162.339 98.833
185.888 390.741 108.021
421.208 165.204 98.202
186.54 391.46 108.217
424.314 168.048 97.5828
188.507 393.242 107.918
425.926 169.624 97.2496
200.517 403.483 107.858
427.719 171.542 96.8163
201.603 404.397 107.98
428.004 171.831 96.7068
202.695 405.305 108.111
430.522 174.485 96.0835
203.795 406.205 108.252
432.983 177.178 95.5301
204.901 407.099 108.402
435.385 179.91 95.0465
206.013 407.987 108.561
435.531 180.082 95.0512
207.132 408.868 108.729
439.189 184.686 94.2834
208.258 409.742 108.907
442.17 188.688 93.7718
209.391 410.609 109.095
446.717 195.376 93.1432
210.53 411.47 109.291
446.724 195.388 92.9983
211.675 412.325 109.497
447.679 196.976 92.9619
212.828 413.172 109.713
449.536 200.476 92.549
213.076 413.352 110.035
451.295 203.637 92.2586
214.965 414.57 110.097
452.632 205.934 91.9827
216.845 415.81 110.365
453.735 207.882 91.8676
218.715 417.07 110.656
454.814 209.843 91.7799
220.574 418.351 110.97
455.868 211.816 91.7196
222.27 419.545 111.51
456.897 213.801 91.6867
222.88 419.82 111.363
457.902 215.799 91.6812
224.507 420.479 111.186
458.098 216.201 91.6812
227.458 421.625 111.032
458.902 217.799 91.6812
227.851 421.771 111.06
459.098 218.201 91.6812
232.561 423.348 110.806
459.902 219.799 91.6812
234.746 424.14 110.676
460.098 220.201 91.6812
236.482 424.705 110.699
460.137 220.279 91.8238
237.527 425.122 110.527
460.969 221.765 91.606
239.738 426.143 110.102
462.038 223.731 91.5291
241.502 426.993 109.789
463.082 225.709 91.4796
243.12 427.708 109.476
463.943 227.389 91.6007
247.699 429.503 108.614
464.116 227.692 91.4422
249.711 430.237 108.263
465.2 229.65 91.3486
255.214 432.071 107.303
466.259 231.621 91.2825
255.552 432.188 107.299
466.348 231.791 91.4117
259.51 433.429 106.689
466.543 232.138 91.355
263.497 434.534 106.104
467.381 233.559 91.1455
272.425 436.557 104.939
468.495 235.502 91.0182
272.478 436.565 104.908
469.584 237.458 90.9186
272.5 436.569 104.432
470.649 239.426 90.8466
273.5 436.736 104.265
471.688 241.406 90.8023
274.5 436.899 104.102
472.703 243.399 90.7857
275.5 437.057 103.945
473.297 244.601 90.7857
275.641 437.078 104.395
473.569 245.136 90.8948
276.5 437.223 103.778
474.232 246.634 90.713
278.8 437.599 103.889
475.163 248.669 90.6354
281.946 438.162 103.429
477.837 254.331 90.6354
291.252 439.977 102.519
478.647 256.101 90.8098
291.5 440.007 101.994
480.049 259.669 90.8377
292.5 440.127 101.874
480.109 259.848 90.8141
293.32 440.221 102.263
480.217 260.255 90.7509
293.5 440.245 101.756
481.135 264.374 90.3604
294.5 440.375 101.626
481.153 264.5 89.848
295.5 440.5 101.501
481.295 265.5 89.7059
296.5 440.62 101.381
481.432 266.5 89.5696
297.443 440.728 101.755
481.562 267.5 89.4389
297.5 440.736 101.265
481.687 268.5 89.3139
298.5 440.867 101.134
481.807 269.5 89.1946
299.5 440.992 101.009
481.92 270.5 89.0809
300.5 441.113 100.888
482.028 271.5 88.973
301.5 441.229 100.773
482.048 271.696 89.4465
301.566 441.236 101.248
482.172 276.025 88.7771
302.5 441.359 100.643
482.143 278.56 88.3809
303.5 441.485 100.516
482.191 280.615 88.043
304.5 441.606 100.395
482.158 283.432 87.557
305.5 441.722 100.279
482.138 283.91 87.4648
306.5 441.833 100.168
481.953 286.772 86.9581
307.5 441.939 100.062
481.793 288.264 86.6128
307.891 441.979 100.516
481.451 290.982 86.1388
310.985 442.073 100.026
480.476 296.5 84.4771
313.33 442.205 99.6833
480.305 297.5 84.3064
317.147 442.086 98.8546
480.14 298.5 84.1417
319.63 441.957 98.3899
479.982 299.5 83.9832
319.67 441.953 98.4111
479.974 299.553 84.5142
319.93 441.918 98.2862
479.78 300.5 83.781
327.46 441.149 96.4216
479.581 301.5 83.5822
329.014 440.902 95.9176
479.388 302.5 83.3897
334.388 440.248 94.5258
479.202 303.5 83.2034
336.214 439.929 93.8874
479.152 303.779 83.7024
336.298 439.913 93.91
478.987 304.5 82.9888
338.54 439.58 93.1594
477.471 311.345 82.2676
340.854 439.207 92.4577
477.437 311.469 82.1388
343.154 438.809 91.7857
476.813 313.656 81.7195
353.452 436.893 89.4479
476.159 315.83 81.332
353.5 436.881 88.8824
473.232 325.099 80.3532
354.5 436.643 88.6443
473.149 325.324 80.2257
355.46 436.42 88.8661
472.341 327.421 80.0103
355.5 436.41 88.4116
472.065 328.109 80.0816
356.5 436.171 88.1721
470.5 331.5 79.5442
357.5 435.937 87.9385
469.227 334.409 79.2568
357.696 435.892 88.3379
468.214 336.857 79.0344
358.5 435.699 87.7002
467.329 338.914 78.9067
359.5 435.464 87.4653
466.414 340.957 78.8108
359.932 435.365 87.8098
466.076 341.686 78.919
360.5 435.227 87.2287
463.314 346.907 78.5068
361.5 434.991 86.9923
462.331 348.832 78.6255
362.168 434.837 87.282
462.293 348.897 78.4837
362.5 434.756 86.7575
461.201 350.851 78.3809
362.503 434.755 87.3435
460.138 352.819 78.3102
363.5 434.469 86.4702
459.795 353.477 78.422
364.5 434.188 86.189
459.053 354.777 78.2156
365.5 433.913 85.914
457.973 356.736 78.1254
366.5 433.644 85.6452
456.985 358.591 78.2007
367.5 433.381 85.3827
456.916 358.708 78.0623
368.5 433.125 85.1265
455.818 360.659 77.9525
369.5 432.875 84.8765
454.164 363.698 77.9914
370.5 432.631 84.6327
453.635 364.59 77.9228
372.346 432.193 84.6483
450.726 369.236 77.8637
374.567 431.634 84.1549
449.274 371.764 77.8637
375.071 431.5 84.1846
448.721 372.647 77.8192
380.134 429.889 82.9747
446.737 375.658 77.7998
385.732 427.887 81.8115
446.263 376.342 77.7998
386.543 427.564 81.6127
444.737 378.658 77.7998
393.297 424.696 80.4862
444.728 378.671 77.8378
399.736 421.43 79.4362
444.241 379.327 77.7734
402.546 419.807 79.0311
441.827 382.745 77.7143
406.871 417.067 78.4397
439.173 386.255 77.7143
415.472 410.754 77.5278
438.827 386.745 77.7143
416.167 410.167 77.1941
437.345 388.704 77.7096
417.241 409.241 77.0894
436.094 390.196 77.6157
425.6 401.9 77.335
432.744 394.463 77.5416
425.749 401.749 77.0746
432.136 395.136 77.2376
426.251 401.251 77.0746
431.177 396.177 77.1789
426.749 400.749 77.0746
430.21 397.21 77.1333
427.251 400.251 77.0746
429.233 398.233 77.1007
428.247 399.247 77.0812
