1 0
2 0
3 1
4 2
5 3
6 4
7 5
8 6
9 7
10 8
11 9
12 10
13 11
14 12
15 13
16 14
17 15
18 16
19 17
20 18
21 19
22 20
23 21
24 22
25 23
26 24
27 24
28 25
29 26
30 27
31 28
32 29
33 30
34 31
35 32
36 33
37 34
38 35
39 36
40 37
41 38
42 39
43 40
44 41
45 42
46 43
47 44
48 45
49 46
50 47
51 48
52 49
53 50
54 51
55 52
56 53
57 54
58 55
59 56
60 57
61 58
62 59
63 60
64 61
65 62
66 63
67 64
68 65
69 66
70 67
71 68
72 69
73 70
74 71
75 72
76 73
77 74
78 75
79 76
80 77
81 78
82 79
83 80
84 81
85 82
86 83
87 84
88 85
89 86
90 86
91 87
92 88
93 89
94 90
95 91
96 92
97 93
98 94
99 95
100 96
101 97
102 98
103 99
104 100
105 101
106 102
107 103
108 104
109 105
110 106
111 107
112 108
113 109
114 110
115 111
116 112
117 113
118 114
119 115
120 116
121 116
122 117
123 118
124 119
125 120
126 121
127 122
128 123
129 124
130 125
131 126
132 127
133 128
134 129
135 130
136 131
137 132
138 133
139 134
140 135
141 136
142 137
143 138
144 139
145 140
146 141
147 142
148 143
149 144
150 145
151 146
152 147
153 148
154 149
155 150
156 151
157 152
158 153
159 154
160 155
161 156
162 157
163 158
164 158
165 159
166 160
167 161
168 162
169 163
170 164
171 165
172 166
173 167
174 168
175 169
176 170
177 171
178 172
179 173
180 174
181 174
182 175
183 176
184 177
185 178
186 179
187 180
187 186
188 181
189 182
190 183
191 184
192 185
193 188
194 189
195 190
196 191
197 192
198 193
199 194
200 195
201 196
202 196
203 197
204 198
205 199
206 200
207 201
208 202
209 203
210 204
211 205
212 206
213 207
214 208
215 209
216 210
217 211
218 212
219 213
220 214
221 215
222 216
223 217
224 218
225 219
226 220
227 221
228 222
229 223
230 224
231 225
232 226
233 227
234 228
235 229
236 230
236 231
237 232
238 233
239 234
240 235
241 237
242 238
243 239
244 240
245 241
246 242
247 243
248 244
249 245
250 246
251 247
252 248
253 249
254 250
255 251
256 252
257 253
258 254
259 255
260 256
261 257
262 258
263 259
264 260
265 261
266 262
267 263
268 264
269 264
270 265
271 266
272 267
273 267
274 268
275 269
276 270
277 271
278 272
279 273
280 274
281 275
282 276
283 277
284 278
285 279
286 280
287 281
288 282
289 283
290 284
291 285
292 286
293 287
294 288
295 289
296 290
297 291
298 292
299 293
300 294
301 295
302 296
303 297
304 298
305 299
306 300
307 301
308 302
309 303
310 304
311 305
312 306
313 307
314 308
315 309
316 310
317 311
318 312
319 313
320 314
321 315
322 316
323 317
324 318
325 319
326 320
327 321
328 322
329 323
330 324
331 325
332 326
333 327
334 328
335 329
336 330
337 331
338 332
339 333
340 334
341 335
342 336
343 337
344 338
345 339
346 340
347 341
348 342
349 343
350 344
351 345
352 346
353 347
354 348
355 349
356 350
357 351
358 352
359 353
360 354
361 355
362 356
363 357
364 357
365 358
366 359
367 360
368 361
369 362
370 363
371 364
372 365
373 366
374 367
375 368
376 369
377 370
378 371
378 372
379 373
380 373
381 374
382 375
383 376
384 377
385 379
386 380
387 381
388 382
389 383
390 384
391 385
392 386
393 387
394 388
395 389
396 390
397 391
398 392
399 393
400 394
401 395
402 396
403 397
404 398
405 399
406 400
407 401
407 406
408 402
409 403
410 404
411 405
412 407
413 408
414 409
415 410
416 411
417 412
418 413
419 414
420 415
421 416
422 417
423 418
424 419
425 420
426 421
427 422
428 423
429 424
430 425
431 426
431 430
432 427
433 428
434 429
435 432
436 433
437 434
438 435
439 436
440 437
441 438
442 439
443 440
444 441
445 442
446 443
447 444
448 445
449 446
450 447
451 448
452 448
453 449
454 450
455 451
456 452
457 453
458 454
459 455
460 456
461 457
462 458
463 459
464 460
465 461
466 462
467 463
468 464
469 465
470 466
471 467
472 468
473 469
474 470
475 471
476 472
477 473
478 474
479 475
480 476
481 477
482 478
483 479
484 480
485 481
486 482
487 483
488 484
489 485
490 486
491 487
492 488
493 489
494 490
495 491
496 492
497 493
498 494
499 495
500 496
501 497
502 498
503 499
504 500
505 501
506 502
507 503
508 504
509 505
510 506
511 507
512 508
513 509
514 510
515 511
515 514
516 512
517 513
517 516
