28.9091 34.9091 9.43115
29.1 34.5 8.91403
28.6875 35.5 9.32591
29.5 33.5 8.85354
28.6452 35.5968 9.8311
30.1667 32.1667 8.383
28.4444 36.5 9.56863
30.9286 30.9286 8.04696
28.1667 37.5 9.84604
31.5 30.1667 7.9845
27.8333 38.5 10.179
31.7105 29.7105 7.73927
27.4444 39.5 10.5674
32.3 28.7 7.52247
27.1538 40.1538 11.1893
35 26 6.7371
27.0263 40.5 10.9851
36 25 6.7371
27.0205 40.5137 11.4709
36.9 24.1 6.81461
26.7857 41.5 11.2254
37.0294 24.0294 6.69563
26.02 44.18 12.6647
38.2059 23.2059 6.44687
25.8241 45.6823 12.7206
38.6538 22.8077 6.45003
29.2647 47.6176 10.8128
23.9 47.1 12.5213
41.3462 21.1923 6.45003
29.5 47.7857 10.2265
23.75 47.25 12.4165
41.7326 20.8488 6.51921
30.5 48.4286 9.58448
22.6628 48.0814 11.8462
43.3148 20.1296 6.51934
31.5 49 9.43771
21.7632 48.9211 11.384
43.6852 19.8704 6.51934
32.5 49.6667 8.34832
20.5 50.5 10.5507
45.7222 18.9444 6.60128
33.5 50.25 7.76611
18.8333 52.1667 9.80859
47.5 18.5 6.5192
35.6667 51.3333 7.20716
17.75 53.25 9.28319
47.9286 18.3571 7.05816
36.8889 52.1111 6.89376
15.9426 55.8607 8.38752
48.5 18.2692 6.74932
37.4737 52.5789 6.86947
15 58.5 7.87735
49.5 18.0385 6.97947
38.125 52.875 6.56088
14.4 59.4 7.58333
49.6628 17.9884 7.45491
40.5769 54.3462 6.27998
14.1792 59.6698 7.62483
50.5 17.9286 7.08908
41.4231 54.6538 6.27998
12.5755 63.5189 7.02544
51.5 17.7857 7.23159
43.3462 55.8077 6.45003
12.5 64.5 6.5192
52.5 17.5714 7.44538
43.7941 56.2059 6.44687
12.5 65.5 6.5192
52.8261 17.4783 7.96197
44.9706 57.0294 6.69563
12.5 66.5 6.5192
53.5 17.4333 7.58317
46.2647 57.7353 7.11036
12.5 67.5 6.5192
55.9032 17.1129 8.55825
47.5 58.25 7.26722
12.5 68.5 6.5192
58.2 17.4 9.12705
47.6667 58.3333 7.67739
12.5 69.5 6.5192
60.1957 17.2826 9.73572
48.5 58.6538 7.67016
12.5 70.5 6.5192
60.5 17.3333 9.34672
49.5 59.1154 8.13077
12.5 71.5 6.5192
62.375 17.75 10.2724
50.5 59.6538 8.66828
12.5 72.5 6.5192
65.6183 18.0914 11.5562
51.5 59.1154 8.13077
50.5 61.5 8.32606
12.5 73.5 6.5192
66.5 18.4 11.411
52.5 58.6538 7.67016
50.75 63.25 7.72555
12.5 74.5 6.5192
67.5 18.8 11.8106
53.3333 58.3333 7.67739
50.5 66.5 6.5192
12.5 75.5 6.5192
67.9828 19.0172 12.3604
53.5 58.25 7.26722
50.5 67.5 6.5192
12.5 76.5 6.95081
68.5 19.2143 12.2245
54.7353 57.7353 7.11036
50.5 68.5 6.5192
13.6429 79.9286 7.05816
69.4 19.6 12.95
56.0294 57.0294 6.69563
50.5 69.5 6.5192
13.7308 80.5 6.74932
69.5 19.6364 12.6463
57.2059 56.2059 6.44687
50.5 70.5 6.5192
13.9615 81.5 6.97947
70 19.8409 12.8409
57.3571 56.0714 6.50985
50.5 71.5 6.5192
14.2143 82.3214 7.65973
70.5 19.6364 12.6463
70 21 12.3848
60.5 54.5 6.11004
50.5 72.5 6.5192
15.2 83.8 7.86553
70.6 19.6 12.95
69.7449 25.3367 9.94986
61.625 53.625 6.20853
50.5 73.5 6.5192
15.8696 85.0435 8.36783
71.5 19.2143 12.2245
70 27.25 8.88168
62.875 52.875 6.56088
50.5 74.5 6.5192
15.9091 85.0909 8.27607
72.0172 19.0172 12.3604
70 29.75 7.77095
63.5263 52.5789 6.86947
50.5 75.5 6.5192
16.7273 86.2727 8.53271
72.5 18.8 11.8106
70.42 32.48 7.02992
64.1111 52.1111 6.89376
50.7963 79.3519 7.99704
17.4545 87.5455 8.91771
73.3043 18.4783 11.9419
70.0833 34.5 6.10385
65.3333 51.3333 7.20716
50.7069 80.6034 8.55592
17.5769 87.8077 9.10304
77.6463 17.7927 10.2249
70 35.5 6.0208
66.6667 50.6667 7.67739
50.7903 81.8548 9.11481
18.25 88.75 9.20651
78.5 17.5556 9.56863
70 36.5 6.0208
67.5 50.3462 7.67016
50.7269 82.8704 9.13371
19.3333 90.5556 9.89098
78.75 17.5 9.95531
70 37.5 6.0208
68.5 49.8846 8.13077
51.5 83.3462 8.66828
50.5 83 9.43771
20.25 91.625 10.2724
81.8333 17.5 9.023
70 38.5 6.0208
69.5 49.3462 8.66828
52.5 83.8846 8.13077
49.5 83.6667 8.34832
21.4024 92.6951 10.768
83.0574 17.2705 8.71643
70 39.5 6.0208
70 49.0385 8.96154
53.5 84.3462 7.67016
48.5 84.25 7.76611
21.9186 93.2907 11.017
86.1739 17.4783 7.96197
70 40.5 6.0208
70 47.75 8.88168
70.5 49.3462 8.66828
54.3333 84.6667 7.67739
47.5 84.75 7.26722
24.5349 95.7326 12.5582
86.5 17.5714 7.44538
69.7432 43.5811 7.20169
70 45.25 7.77095
71.5 49.8846 8.13077
54.5 84.75 7.26722
46.5 85.1667 6.8516
24.7174 95.8478 12.5189
87.5 17.7857 7.23159
73.2895 50.7105 7.73927
55.7353 85.2647 7.11036
46.25 85.25 7.08962
25.5 96.5 12.3491
88.5 17.9286 7.08908
74.5526 51.4474 7.36801
57.0294 85.9706 6.69563
45.5 85.5909 6.42856
28.1667 95.3333 10.922
25.7174 98.8913 11.907
89.3372 17.9884 7.45491
75.5976 52.2073 7.25273
58.2059 86.7941 6.44687
44.8333 85.8333 6.50214
30.5 94 9.43771
26.0211 100.486 11.4716
89.5 18.0385 6.97947
75.7353 52.2647 7.11036
58.6538 87.1923 6.45003
43.5 86.5 6.03242
31.5 93.3333 8.34832
26.3947 101.5 10.617
90.5 18.2692 6.74932
77.0294 52.9706 6.69563
60.5769 88.3462 6.27998
40.5 88.5 6.11004
32.5 92.75 7.76611
26.7105 102.5 10.3016
91.0714 18.3571 7.05816
78.2059 53.7941 6.44687
61.4231 88.6538 6.27998
37.1667 90.1667 6.50214
34.6667 91.6667 7.20716
26.9737 103.5 10.0388
91.5 18.5 6.5192
78.6538 54.1923 6.45003
63.875 90.125 6.56088
36.5 90.4091 6.42856
35.8889 90.8889 6.89376
27.1 104.1 10.3729
93.2778 18.9444 6.60128
80.5769 55.3462 6.27998
65.25 90.75 7.08962
36.4737 90.4211 6.86947
27.2647 104.5 9.74813
95.3684 19.8947 6.5446
81.4231 55.6538 6.27998
65.5 90.8333 6.8516
27.3261 104.674 10.02
96.6316 20.1053 6.5446
83.875 57.125 6.56088
66.5 91.25 7.26722
27.6875 105.5 9.32591
98.2674 20.8488 6.51921
85.5 57.8636 6.88182
66.6667 91.3333 7.67739
27.9091 106.091 9.43115
98.6538 21.1923 6.45003
86.5 58.4091 7.42594
67.5 91.6538 7.67016
28.5455 107.455 8.91771
101.346 22.8077 6.45003
87.5 59.0455 8.06098
68.5 92.1154 8.13077
29.2727 108.727 8.53271
101.794 23.2059 6.44687
87.587 59.1087 8.57311
69.5 92.6538 8.66828
30.0574 109.861 8.38752
102.971 24.0294 6.69563
88.5 59.5 8.51469
69.8103 92.8448 8.84686
30.0789 109.921 8.25919
103.1 24.1 6.81461
89.1897 59.8448 8.84686
70.5 92.5 8.51469
69.7069 94.3966 8.55592
30.7105 111.289 7.73927
104 25 6.7371
89.5 59.6538 8.66828
89.371 62.5645 8.18275
71.5 92.0714 8.0869
69.8793 96.8103 7.63704
31.4474 112.553 7.36801
106.7 27.7 7.52247
90.5 59.1154 8.13077
89.5 63.1667 7.9845
71.9211 91.9211 8.25919
70 97.3333 7.46693
32.2895 113.711 7.1453
106.79 27.8548 7.53833
91.5 58.6538 7.67016
89.5 66.5 6.95081
72.5 91.6538 7.67016
70 101.5 6.0208
32.5345 113.983 7.17824
107.4 28.6 7.58333
92.3333 58.3333 7.67739
89.25 67.5 6.26997
73.3333 91.3333 7.67739
70 102.5 6.0208
33.1111 114.889 6.89376
108.125 29.6875 7.90967
92.5 58.25 7.26722
89.0833 68.5 6.10385
73.5 91.25 7.26722
70 103.5 6.0208
34 116 6.7371
108.214 29.7857 7.84537
93.7353 57.7353 7.11036
89 69.5 6.0208
74.7353 90.7353 7.11036
70 104.5 6.0208
34.9 116.9 6.81461
109.071 30.9286 8.04696
95.0294 57.0294 6.69563
89 70.5 6.0208
76.0294 90.0294 6.69563
70 105.5 6.0208
35.0294 116.971 6.69563
109.833 32.1667 8.383
96.2059 56.2059 6.44687
89 71.5 6.0208
77.2059 89.2059 6.44687
70 106.5 6.0208
36.2059 117.794 6.44687
110.5 33.5 8.85354
96.6538 55.8077 6.45003
89 72.5 6.0208
77.3571 89.0714 6.50985
70 107.5 6.0208
37.2647 118.735 6.36396
110.9 34.5 8.91403
97.375 55.375 6.20853
89 73.5 6.0208
80.5 87.5 6.11004
70 108.5 6.0208
37.7353 119.265 6.36396
111.091 34.9091 9.43115
98.5 54.5 6.11004
89.0833 74.5 6.10385
81.625 86.625 6.20853
70.2568 111.581 7.20169
38.7326 120.151 6.51921
111.313 35.5 9.32591
101.643 52.9286 6.50985
89.4211 76.5263 7.03219
82.875 85.875 6.56088
70 113.25 7.77095
40.2674 120.849 6.51921
111.674 36.3261 10.02
101.794 52.7941 6.44687
89.25 78.75 7.72555
84.25 85.25 7.08962
70 115.75 8.88168
40.6538 121.192 6.45003
111.735 36.5 9.74813
102.971 51.9706 6.69563
89.5 80.5 8.32606
84.5 85.1667 6.8516
69.6176 118.618 10.4318
43.3462 122.808 6.45003
111.9 36.9 10.3729
104.265 51.2647 7.11036
89.5 83 9.01388
85.5 84.75 7.26722
69.5 120.5 11.6783
43.7326 123.151 6.51921
112.026 37.5 10.0388
105.5 50.75 7.26722
90.5 83.5 8.51469
88.5 83.5 8.51469
85.6667 84.6667 7.67739
69.5 122.5 13.0913
45.7222 124.056 6.60128
112.289 38.5 10.3016
106.5 50.25 7.76611
91.413 83.8913 8.57311
87.5 83.9286 8.0869
86.5 84.3462 7.67016
69.5 122.955 13.055
47.5 124.5 6.5192
112.605 39.5 10.617
107.5 49.6667 8.34832
91.5 83.9545 8.06098
87.0789 84.0789 8.25919
70.5 123.364 12.6463
68.5 123.364 12.6463
47.9286 124.643 7.05816
112.974 40.5 10.9851
108.5 49 9.43771
92.5 84.5909 7.42594
70.6 123.4 12.95
68.4 123.4 12.95
48.5 124.731 6.74932
112.979 40.5137 11.4709
109.5 48.4286 9.58448
93.5 85.1364 6.88182
71.125 123.625 12.8381
67.875 123.625 12.8381
49.5 124.962 6.97947
113.214 41.5 11.2254
110.5 47.7857 10.2265
97.2674 86.8488 6.51921
75.7941 124.559 10.9199
66.8333 123.833 12.1493
49.6628 125.012 7.45491
113.98 44.18 12.6647
110.735 47.6176 10.8128
97.6538 87.1923 6.45003
76.5 124.833 10.179
65.25 124.25 11.3251
50.5 125.071 7.08908
114.173 45.6633 13.1436
114.174 45.6832 12.7193
98.375 87.625 6.20853
77.5 125.167 9.84604
62.5 125.167 9.84604
51.5 125.214 7.23159
115.837 47.1506 12.3389
99.5 88.5 6.11004
78.5 125.444 9.56863
61.5 125.444 9.56863
52.5 125.429 7.44538
116 47.25 12.222
102.833 90.1667 6.50214
78.75 125.5 9.95531
61.25 125.5 9.95531
52.75 125.5 7.94471
118 48.75 11.1076
103.5 90.4091 6.42856
80 125.5 9.43771
60 125.5 9.43771
53.5 125.5 7.51665
119.75 50.375 10.2724
104.25 90.75 7.08962
83.0968 125.887 8.55825
56.9032 125.887 8.55825
54.5 125.567 7.58317
120.667 51.4444 9.89098
104.423 90.8077 7.25551
85.5 125.567 7.58317
121.75 53.25 9.20651
105.447 91.5526 7.36801
86.1739 125.522 7.96197
122.423 54.1923 9.10304
108.5 93.3333 8.34832
86.5 125.429 7.44538
122.545 54.4545 8.91771
109.5 94 9.43771
87.5 125.214 7.23159
123.273 55.7273 8.53271
113.929 96.2143 12.7103
88.5 125.071 7.08908
124.057 56.8607 8.38752
114.287 96.4769 12.543
89.3372 125.012 7.45491
124.079 56.9211 8.25919
114.36 96.4302 12.9351
114.045 97.8636 12.5865
89.5 124.962 6.97947
124.711 58.2895 7.73927
116.337 94.9186 11.8462
113.955 98.1364 12.4459
90.5 124.731 6.74932
126.064 60.6091 7.38325
118.081 93.2907 11.017
113.409 101.773 10.9582
91.0714 124.643 7.05816
126.269 61.5 6.74932
118.598 92.6951 10.768
112.833 103.5 9.84604
91.5 124.5 6.5192
126.357 62.0714 7.05816
119.75 91.625 10.2724
112.556 104.5 9.56863
93.2778 124.056 6.60128
127.5 65.5 6.95081
121.25 89.875 9.71586
112.355 105.403 9.8311
95.3684 123.105 6.5446
127.75 66.5 6.26997
121.9 88.9 9.41831
112.312 105.5 9.32591
96.4615 122.923 6.56639
127.917 67.5 6.10385
122.066 88.6887 9.47476
112.091 106.091 9.43115
98.5769 121.654 6.27998
128 68.5 6.0208
122.63 87.6304 9.03769
111.9 106.5 8.91403
99.4231 121.346 6.27998
128 69.5 6.0208
123.413 86.413 8.73078
111.5 107.5 8.85354
101.31 120.214 6.44507
128 70.5 6.0208
123.694 86.0484 8.75255
110.833 108.833 8.383
101.735 119.735 6.36396
128 71.5 6.0208
124.1 85.1 8.2889
110.071 110.071 8.04696
102.794 118.794 6.44687
128 72.5 6.0208
124.8 83.8 7.86553
109.5 110.833 7.9845
103.971 117.971 6.69563
128 73.5 6.0208
125.786 82.3214 7.65973
109.289 111.289 7.73927
104.1 117.9 6.81461
127.917 74.5 6.10385
126.038 81.5 6.97947
108.553 112.553 7.36801
105 117 6.7371
127.75 75.5 6.26997
126.397 79.9483 7.10182
107.711 113.711 7.1453
106 116 6.7371
127.5 76.5 6.95081
127.425 77.4811 7.02544
107.466 113.983 7.17824
106.889 114.889 6.89376
