%points
122 38
123 38
124 38
125 38
126 38
127 38
128 38
129 38
130 38
131 38
132 38
133 38
134 38
135 38
136 38
137 38
138 38
139 38
140 38
141 38
142 38
143 38
144 38
145 38
146 38
147 38
148 38
149 38
150 38
151 38
152 38
153 38
154 38
155 38
156 38
157 38
158 38
159 38
160 38
161 38
162 38
163 38
163 39
164 39
165 39
166 39
167 39
168 39
169 39
170 39
171 39
172 39
172 40
173 40
174 40
175 40
176 40
177 40
178 40
179 40
180 40
181 40
182 40
183 40
183 41
184 41
185 41
186 41
187 41
188 41
189 41
190 41
191 41
192 41
193 41
194 41
194 42
195 42
196 42
197 42
198 42
199 42
200 42
201 42
202 42
203 42
204 42
205 42
206 42
207 42
208 42
209 42
210 42
211 42
212 42
213 42
214 42
215 42
216 42
217 42
218 42
219 42
220 42
221 42
222 42
223 42
224 42
225 42
226 42
227 42
228 42
229 42
229 43
230 43
231 43
232 43
233 43
234 43
234 44
235 44
236 44
237 44
237 45
238 45
239 45
239 46
240 46
241 46
242 46
242 47
243 47
244 47
245 47
245 48
246 48
247 48
247 49
248 49
249 49
249 50
250 50
251 50
251 51
252 51
253 51
253 52
254 52
254 53
255 53
255 54
256 54
257 54
257 55
258 55
258 56
259 56
259 57
259 58
260 58
260 59
261 59
261 60
261 61
262 61
262 62
262 63
263 63
263 64
263 65
263 66
263 67
264 67
264 68
264 69
264 70
264 71
264 72
264 73
264 74
264 75
264 76
264 77
264 78
264 79
264 80
264 81
264 82
264 83
264 84
264 85
264 86
264 87
263 87
263 88
263 89
263 90
263 91
263 92
263 93
263 94
263 95
263 96
263 97
264 97
264 98
264 99
265 99
266 99
266 100
267 100
268 100
269 100
270 100
271 100
272 100
272 99
273 99
274 99
275 99
276 99
277 99
278 99
278 98
279 98
280 98
281 98
282 98
283 98
284 98
285 98
286 98
287 98
288 98
289 98
290 98
291 98
292 98
293 98
294 98
295 98
296 98
297 98
298 98
299 98
300 98
301 98
302 98
303 98
303 99
304 99
305 99
306 99
307 99
307 100
308 100
309 100
310 100
310 101
311 101
312 101
312 102
313 102
314 102
314 103
315 103
316 103
316 104
317 104
317 105
318 105
319 105
319 106
320 106
320 107
321 107
321 108
322 108
322 109
323 109
324 109
324 110
325 110
325 111
326 111
326 112
327 112
327 113
327 114
328 114
328 115
329 115
329 116
330 116
330 117
330 118
331 118
331 119
332 119
332 120
332 121
333 121
333 122
334 122
334 123
334 124
335 124
335 125
335 126
336 126
336 127
336 128
337 128
337 129
338 129
338 130
338 131
339 131
339 132
339 133
340 133
340 134
341 134
341 135
341 136
342 136
342 137
342 138
343 138
343 139
343 140
344 140
344 141
344 142
344 143
345 143
345 144
345 145
346 145
346 146
346 147
346 148
347 148
347 149
347 150
347 151
348 151
348 152
348 153
348 154
349 154
349 155
349 156
349 157
350 157
350 158
350 159
351 159
351 160
351 161
351 162
352 162
352 163
352 164
352 165
353 165
353 166
353 167
353 168
353 169
353 170
353 171
353 172
353 173
354 173
354 174
354 175
354 176
354 177
354 178
354 179
355 179
355 180
355 181
355 182
355 183
355 184
355 185
355 186
355 187
355 188
355 189
355 190
355 191
355 192
355 193
355 194
355 195
355 196
355 197
355 198
355 199
355 200
355 201
355 202
355 203
355 204
355 205
355 206
355 207
355 208
355 209
355 210
354 210
354 211
354 212
354 213
353 213
353 214
353 215
352 215
352 216
352 217
351 217
351 218
351 219
350 219
350 220
349 220
349 221
349 222
348 222
348 223
347 223
347 224
346 224
346 225
345 225
345 226
344 226
343 226
343 227
342 227
342 228
341 228
340 228
340 229
339 229
338 229
338 230
337 230
337 231
336 231
335 231
335 232
334 232
333 232
333 233
332 233
331 233
331 234
330 234
329 234
329 235
328 235
327 235
326 235
326 236
325 236
324 236
323 236
323 237
322 237
321 237
320 237
320 238
319 238
318 238
317 238
316 238
316 239
315 239
314 239
313 239
312 239
311 239
311 240
310 240
309 240
308 240
307 240
306 240
306 241
305 241
304 241
303 241
302 241
301 241
301 242
300 242
299 242
298 242
297 242
297 243
296 243
295 243
294 243
293 243
293 244
292 244
291 244
290 244
290 245
289 245
288 245
288 246
287 246
286 246
286 247
285 247
285 248
284 248
283 248
283 249
282 249
282 250
281 250
281 251
280 251
279 251
279 252
278 252
278 253
277 253
277 254
276 254
276 255
275 255
274 255
274 256
273 256
273 257
272 257
272 258
271 258
271 259
270 259
270 260
269 260
269 261
268 261
268 262
267 262
267 263
266 263
266 264
265 264
265 265
264 265
264 266
263 266
263 267
263 268
262 268
262 269
261 269
261 270
260 270
260 271
259 271
259 272
258 272
258 273
257 273
257 274
256 274
255 274
255 275
254 275
254 276
253 276
252 276
252 277
251 277
251 278
251 279
251 280
251 281
251 282
251 283
251 284
251 285
251 286
251 287
251 288
251 289
251 290
251 291
251 292
251 293
251 294
251 295
251 296
251 297
251 298
251 299
251 300
251 301
251 302
251 303
251 304
251 305
251 306
251 307
250 307
250 308
250 309
250 310
250 311
250 312
250 313
249 313
249 314
249 315
249 316
249 317
248 317
248 318
248 319
248 320
247 320
247 321
247 322
247 323
246 323
246 324
246 325
245 325
245 326
245 327
244 327
244 328
243 328
243 329
242 329
242 330
242 331
241 331
241 332
240 332
240 333
239 333
238 333
238 334
237 334
237 335
236 335
236 336
235 336
235 337
234 337
233 337
233 338
232 338
232 339
231 339
231 340
230 340
229 340
229 341
228 341
227 341
227 342
226 342
226 343
225 343
224 343
224 344
223 344
222 344
222 345
221 345
221 346
220 346
219 346
219 347
218 347
217 347
217 348
216 348
215 348
215 349
214 349
213 349
212 349
212 350
211 350
210 350
209 350
209 351
208 351
207 351
206 351
206 352
205 352
204 352
203 352
203 353
202 353
201 353
200 353
199 353
199 354
198 354
197 354
196 354
195 354
195 355
194 355
193 355
192 355
191 355
191 356
190 356
189 356
188 356
187 356
186 356
185 356
185 357
184 357
183 357
182 357
181 357
180 357
179 357
178 357
178 358
177 358
176 358
175 358
174 358
173 358
172 358
171 358
170 358
169 358
168 358
167 358
166 358
165 358
164 358
163 358
162 358
161 358
160 358
159 358
158 358
157 358
156 358
155 358
154 358
153 358
152 358
151 358
150 358
149 358
148 358
147 358
146 358
145 358
144 358
143 358
142 358
141 358
140 358
139 358
138 358
137 358
137 357
136 357
135 357
134 357
133 357
133 356
132 356
131 356
130 356
130 355
129 355
128 355
127 355
127 354
126 354
125 354
124 354
123 354
122 354
121 354
120 354
119 354
118 354
117 354
117 353
116 353
115 353
114 353
113 353
112 353
111 353
110 353
109 353
108 353
108 352
107 352
106 352
105 352
104 352
103 352
102 352
101 352
100 352
99 352
98 352
98 351
97 351
96 351
95 351
94 351
93 351
92 351
91 351
91 350
90 350
90 349
89 349
88 349
88 348
87 348
87 347
86 347
85 347
85 346
84 346
84 345
83 345
83 344
82 344
82 343
81 343
81 342
80 342
80 341
79 341
79 340
78 340
78 339
77 339
77 338
77 337
76 337
76 336
75 336
75 335
74 335
74 334
74 333
73 333
73 332
73 331
72 331
72 330
71 330
71 329
71 328
70 328
70 327
70 326
70 325
69 325
69 324
69 323
69 322
69 321
68 321
68 320
68 319
68 318
68 317
68 316
68 315
68 314
68 313
68 312
68 311
68 310
68 309
68 308
68 307
68 306
68 305
68 304
68 303
68 302
68 301
68 300
68 299
68 298
68 297
68 296
68 295
68 294
68 293
68 292
68 291
68 290
68 289
68 288
68 287
68 286
68 285
68 284
68 283
68 282
68 281
67 281
67 280
67 279
67 278
67 277
67 276
67 275
67 274
67 273
67 272
67 271
67 270
67 269
66 269
66 268
66 267
66 266
66 265
66 264
66 263
66 262
66 261
66 260
66 259
66 258
66 257
66 256
66 255
66 254
66 253
66 252
66 251
66 250
67 250
67 249
67 248
67 247
66 247
66 246
66 245
66 244
66 243
66 242
66 241
66 240
66 239
66 238
66 237
66 236
66 235
66 234
65 234
65 233
65 232
65 231
65 230
65 229
65 228
65 227
65 226
65 225
65 224
65 223
65 222
65 221
65 220
65 219
65 218
65 217
65 216
65 215
65 214
65 213
65 212
65 211
65 210
65 209
65 208
65 207
65 206
64 206
64 205
64 204
64 203
64 202
64 201
64 200
64 199
64 198
64 197
64 196
64 195
63 195
63 194
63 193
63 192
63 191
63 190
63 189
63 188
62 188
62 187
62 186
62 185
62 184
62 183
62 182
62 181
62 180
62 179
62 178
62 177
62 176
62 175
62 174
62 173
62 172
62 171
62 170
62 169
62 168
62 167
62 166
62 165
62 164
62 163
62 162
62 161
62 160
62 159
62 158
62 157
62 156
62 155
62 154
62 153
62 152
62 151
62 150
62 149
62 148
61 148
61 147
61 146
61 145
61 144
61 143
61 142
61 141
61 140
61 139
60 139
60 138
60 137
60 136
60 135
60 134
60 133
60 132
60 131
60 130
60 129
60 128
60 127
60 126
60 125
60 124
60 123
59 123
59 122
59 121
59 120
59 119
59 118
59 117
59 116
59 115
59 114
59 113
58 113
58 112
58 111
58 110
58 109
58 108
58 107
58 106
58 105
58 104
58 103
58 102
58 101
58 100
57 100
57 99
57 98
57 97
57 96
57 95
57 94
57 93
57 92
57 91
56 91
56 90
56 89
56 88
56 87
56 86
56 85
56 84
56 83
55 83
55 82
55 81
55 80
55 79
55 78
55 77
55 76
55 75
55 74
55 73
54 73
54 72
54 71
54 70
54 69
54 68
54 67
54 66
54 65
54 64
54 63
54 62
54 61
54 60
54 59
55 59
55 58
55 57
55 56
56 56
56 55
56 54
57 54
57 53
58 53
58 52
59 52
59 51
59 50
60 50
60 49
61 49
61 48
62 48
63 48
63 47
64 47
64 46
65 46
66 46
66 45
67 45
67 44
68 44
69 44
70 44
70 43
71 43
72 43
73 43
73 42
74 42
75 42
76 42
77 42
77 41
78 41
79 41
80 41
81 41
82 41
83 41
84 41
84 40
85 40
86 40
87 40
88 40
89 40
90 40
91 40
92 40
92 39
93 39
94 39
95 39
96 39
97 39
98 39
99 39
100 39
101 39
102 39
103 39
104 39
105 39
106 39
107 39
108 39
109 39
110 39
111 39
112 39
113 39
114 39
115 39
116 39
117 39
118 39
119 39
120 39
121 39
122 39
287 119
287 120
286 120
285 120
285 121
284 121
283 121
283 122
282 122
282 123
281 123
280 123
280 124
279 124
279 125
278 125
278 126
277 126
277 127
277 128
276 128
276 129
275 129
275 130
275 131
274 131
274 132
274 133
273 133
273 134
273 135
272 135
272 136
272 137
272 138
271 138
271 139
271 140
270 140
270 141
270 142
270 143
269 143
269 144
269 145
268 145
268 146
268 147
267 147
267 148
266 148
266 149
266 150
265 150
265 151
264 151
264 152
263 152
263 153
262 153
262 154
261 154
261 155
260 155
260 156
260 157
259 157
259 158
258 158
258 159
257 159
257 160
257 161
256 161
256 162
256 163
256 164
255 164
255 165
255 166
255 167
255 168
255 169
255 170
254 170
254 171
254 172
254 173
254 174
254 175
254 176
254 177
254 178
254 179
254 180
254 181
254 182
254 183
254 184
254 185
254 186
254 187
254 188
254 189
254 190
254 191
254 192
254 193
254 194
254 195
254 196
254 197
254 198
254 199
254 200
254 201
254 202
254 203
254 204
254 205
254 206
254 207
254 208
255 208
255 209
256 209
257 209
257 210
258 210
258 211
259 211
259 212
260 212
260 213
261 213
261 214
262 214
262 215
263 215
263 216
263 217
264 217
265 217
266 217
267 217
268 217
269 217
270 217
271 217
272 217
273 217
274 217
275 217
276 217
277 217
278 217
279 217
279 216
280 216
281 216
282 216
283 216
284 216
285 216
285 215
286 215
287 215
288 215
289 215
290 215
290 214
291 214
292 214
293 214
294 214
295 214
296 214
296 213
297 213
298 213
299 213
300 213
301 213
301 212
302 212
303 212
304 212
305 212
305 211
306 211
307 211
308 211
309 211
309 210
310 210
311 210
311 209
312 209
313 209
314 209
314 208
315 208
316 208
316 207
317 207
318 207
318 206
319 206
319 205
320 205
321 205
321 204
322 204
322 203
323 203
324 203
324 202
325 202
325 201
326 201
326 200
327 200
327 199
327 198
328 198
328 197
329 197
329 196
329 195
330 195
330 194
330 193
330 192
331 192
331 191
331 190
331 189
331 188
331 187
332 187
332 186
332 185
332 184
332 183
332 182
332 181
332 180
332 179
331 179
331 178
331 177
331 176
331 175
331 174
331 173
331 172
330 172
330 171
330 170
330 169
330 168
329 168
329 167
329 166
329 165
328 165
328 164
328 163
328 162
327 162
327 161
327 160
326 160
326 159
326 158
326 157
325 157
325 156
325 155
324 155
324 154
324 153
323 153
323 152
323 151
322 151
322 150
322 149
321 149
321 148
321 147
321 146
320 146
320 145
320 144
319 144
319 143
319 142
318 142
318 141
318 140
317 140
317 139
317 138
316 138
316 137
316 136
315 136
315 135
315 134
314 134
314 133
313 133
313 132
313 131
312 131
312 130
311 130
311 129
310 129
310 128
310 127
309 127
309 126
308 126
308 125
307 125
306 125
306 124
305 124
305 123
304 123
304 122
303 122
302 122
302 121
301 121
300 121
300 120
299 120
298 120
298 119
297 119
296 119
295 119
294 119
293 119
292 119
291 119
290 119
289 119
288 119

%edges
0 1
1 2
2 3
3 4
4 5
5 6
6 7
7 8
8 9
9 10
10 11
11 12
12 13
13 14
14 15
15 16
16 17
17 18
18 19
19 20
20 21
21 22
22 23
23 24
24 25
25 26
26 27
27 28
28 29
29 30
30 31
31 32
32 33
33 34
34 35
35 36
36 37
37 38
38 39
39 40
40 41
41 42
42 43
43 44
44 45
45 46
46 47
47 48
48 49
49 50
50 51
51 52
52 53
53 54
54 55
55 56
56 57
57 58
58 59
59 60
60 61
61 62
62 63
63 64
64 65
65 66
66 67
67 68
68 69
69 70
70 71
71 72
72 73
73 74
74 75
75 76
76 77
77 78
78 79
79 80
80 81
81 82
82 83
83 84
84 85
85 86
86 87
87 88
88 89
89 90
90 91
91 92
92 93
93 94
94 95
95 96
96 97
97 98
98 99
99 100
100 101
101 102
102 103
103 104
104 105
105 106
106 107
107 108
108 109
109 110
110 111
111 112
112 113
113 114
114 115
115 116
116 117
117 118
118 119
119 120
120 121
121 122
122 123
123 124
124 125
125 126
126 127
127 128
128 129
129 130
130 131
131 132
132 133
133 134
134 135
135 136
136 137
137 138
138 139
139 140
140 141
141 142
142 143
143 144
144 145
145 146
146 147
147 148
148 149
149 150
150 151
151 152
152 153
153 154
154 155
155 156
156 157
157 158
158 159
159 160
160 161
161 162
162 163
163 164
164 165
165 166
166 167
167 168
168 169
169 170
170 171
171 172
172 173
173 174
174 175
175 176
176 177
177 178
178 179
179 180
180 181
181 182
182 183
183 184
184 185
185 186
186 187
187 188
188 189
189 190
190 191
191 192
192 193
193 194
194 195
195 196
196 197
197 198
198 199
199 200
200 201
201 202
202 203
203 204
204 205
205 206
206 207
207 208
208 209
209 210
210 211
211 212
212 213
213 214
214 215
215 216
216 217
217 218
218 219
219 220
220 221
221 222
222 223
223 224
224 225
225 226
226 227
227 228
228 229
229 230
230 231
231 232
232 233
233 234
234 235
235 236
236 237
237 238
238 239
239 240
240 241
241 242
242 243
243 244
244 245
245 246
246 247
247 248
248 249
249 250
250 251
251 252
252 253
253 254
254 255
255 256
256 257
257 258
258 259
259 260
260 261
261 262
262 263
263 264
264 265
265 266
266 267
267 268
268 269
269 270
270 271
271 272
272 273
273 274
274 275
275 276
276 277
277 278
278 279
279 280
280 281
281 282
282 283
283 284
284 285
285 286
286 287
287 288
288 289
289 290
290 291
291 292
292 293
293 294
294 295
295 296
296 297
297 298
298 299
299 300
300 301
301 302
302 303
303 304
304 305
305 306
306 307
307 308
308 309
309 310
310 311
311 312
312 313
313 314
314 315
315 316
316 317
317 318
318 319
319 320
320 321
321 322
322 323
323 324
324 325
325 326
326 327
327 328
328 329
329 330
330 331
331 332
332 333
333 334
334 335
335 336
336 337
337 338
338 339
339 340
340 341
341 342
342 343
343 344
344 345
345 346
346 347
347 348
348 349
349 350
350 351
351 352
352 353
353 354
354 355
355 356
356 357
357 358
358 359
359 360
360 361
361 362
362 363
363 364
364 365
365 366
366 367
367 368
368 369
369 370
370 371
371 372
372 373
373 374
374 375
375 376
376 377
377 378
378 379
379 380
380 381
381 382
382 383
383 384
384 385
385 386
386 387
387 388
388 389
389 390
390 391
391 392
392 393
393 394
394 395
395 396
396 397
397 398
398 399
399 400
400 401
401 402
402 403
403 404
404 405
405 406
406 407
407 408
408 409
409 410
410 411
411 412
412 413
413 414
414 415
415 416
416 417
417 418
418 419
419 420
420 421
421 422
422 423
423 424
424 425
425 426
426 427
427 428
428 429
429 430
430 431
431 432
432 433
433 434
434 435
435 436
436 437
437 438
438 439
439 440
440 441
441 442
442 443
443 444
444 445
445 446
446 447
447 448
448 449
449 450
450 451
451 452
452 453
453 454
454 455
455 456
456 457
457 458
458 459
459 460
460 461
461 462
462 463
463 464
464 465
465 466
466 467
467 468
468 469
469 470
470 471
471 472
472 473
473 474
474 475
475 476
476 477
477 478
478 479
479 480
480 481
481 482
482 483
483 484
484 485
485 486
486 487
487 488
488 489
489 490
490 491
491 492
492 493
493 494
494 495
495 496
496 497
497 498
498 499
499 500
500 501
501 502
502 503
503 504
504 505
505 506
506 507
507 508
508 509
509 510
510 511
511 512
512 513
513 514
514 515
515 516
516 517
517 518
518 519
519 520
520 521
521 522
522 523
523 524
524 525
525 526
526 527
527 528
528 529
529 530
530 531
531 532
532 533
533 534
534 535
535 536
536 537
537 538
538 539
539 540
540 541
541 542
542 543
543 544
544 545
545 546
546 547
547 548
548 549
549 550
550 551
551 552
552 553
553 554
554 555
555 556
556 557
557 558
558 559
559 560
560 561
561 562
562 563
563 564
564 565
565 566
566 567
567 568
568 569
569 570
570 571
571 572
572 573
573 574
574 575
575 576
576 577
577 578
578 579
579 580
580 581
581 582
582 583
583 584
584 585
585 586
586 587
587 588
588 589
589 590
590 591
591 592
592 593
593 594
594 595
595 596
596 597
597 598
598 599
599 600
600 601
601 602
602 603
603 604
604 605
605 606
606 607
607 608
608 609
609 610
610 611
611 612
612 613
613 614
614 615
615 616
616 617
617 618
618 619
619 620
620 621
621 622
622 623
623 624
624 625
625 626
626 627
627 628
628 629
629 630
630 631
631 632
632 633
633 634
634 635
635 636
636 637
637 638
638 639
639 640
640 641
641 642
642 643
643 644
644 645
645 646
646 647
647 648
648 649
649 650
650 651
651 652
652 653
653 654
654 655
655 656
656 657
657 658
658 659
659 660
660 661
661 662
662 663
663 664
664 665
665 666
666 667
667 668
668 669
669 670
670 671
671 672
672 673
673 674
674 675
675 676
676 677
677 678
678 679
679 680
680 681
681 682
682 683
683 684
684 685
685 686
686 687
687 688
688 689
689 690
690 691
691 692
692 693
693 694
694 695
695 696
696 697
697 698
698 699
699 700
700 701
701 702
702 703
703 704
704 705
705 706
706 707
707 708
708 709
709 710
710 711
711 712
712 713
713 714
714 715
715 716
716 717
717 718
718 719
719 720
720 721
721 722
722 723
723 724
724 725
725 726
726 727
727 728
728 729
729 730
730 731
731 732
732 733
733 734
734 735
735 736
736 737
737 738
738 739
739 740
740 741
741 742
742 743
743 744
744 745
745 746
746 747
747 748
748 749
749 750
750 751
751 752
752 753
753 754
754 755
755 756
756 757
757 758
758 759
759 760
760 761
761 762
762 763
763 764
764 765
765 766
766 767
767 768
768 769
769 770
770 771
771 772
772 773
773 774
774 775
775 776
776 777
777 778
778 779
779 780
780 781
781 782
782 783
783 784
784 785
785 786
786 787
787 788
788 789
789 790
790 791
791 792
792 793
793 794
794 795
795 796
796 797
797 798
798 799
799 800
800 801
801 802
802 803
803 804
804 805
805 806
806 807
807 808
808 809
809 810
810 811
811 812
812 813
813 814
814 815
815 816
816 817
817 818
818 819
819 820
820 821
821 822
822 823
823 824
824 825
825 826
826 827
827 828
828 829
829 830
830 831
831 832
832 833
833 834
834 835
835 836
836 837
837 838
838 839
839 840
840 841
841 842
842 843
843 844
844 845
845 846
846 847
847 848
848 849
849 850
850 851
851 852
852 853
853 854
854 855
855 856
856 857
857 858
858 859
859 860
860 861
861 862
862 863
863 864
864 865
865 866
866 867
867 868
868 869
869 870
870 871
871 872
872 873
873 874
874 875
875 876
876 877
877 878
878 879
879 880
880 881
881 882
882 883
883 884
884 885
885 886
886 887
887 888
888 889
889 890
890 891
891 892
892 893
893 894
894 895
895 896
896 897
897 898
898 899
899 900
900 901
901 902
902 903
903 904
904 905
905 906
906 907
907 908
908 909
909 910
910 911
911 912
912 913
913 914
914 915
915 916
916 917
917 918
918 919
919 920
920 921
921 922
922 923
923 924
924 925
925 926
926 927
927 928
928 929
929 930
930 931
931 932
932 933
933 934
934 935
935 936
936 937
937 938
938 939
939 940
940 941
941 942
942 943
943 944
944 945
945 946
946 947
947 948
948 949
949 950
950 951
951 952
952 953
953 954
954 955
955 956
956 957
957 958
958 959
959 960
960 961
961 962
962 963
963 964
964 965
965 966
966 967
967 968
968 969
969 970
970 971
971 972
972 973
973 974
974 975
975 976
976 977
977 978
978 979
979 980
980 981
981 982
982 983
983 984
984 985
985 986
986 987
987 988
988 989
989 990
990 991
991 992
992 993
993 994
994 995
995 996
996 997
997 998
998 999
999 1000
1000 1001
1001 1002
1002 1003
1003 1004
1004 1005
1005 1006
1006 1007
1007 1008
1008 1009
1009 1010
1010 1011
1011 1012
1012 1013
1013 1014
1014 1015
1015 1016
1016 1017
1017 1018
1018 1019
1019 1020
1020 1021
1021 1022
1022 1023
1023 1024
1024 1025
1025 1026
1026 1027
1027 1028
1028 1029
1029 1030
1030 1031
1031 1032
1032 1033
1033 1034
1034 1035
1035 1036
1036 1037
1037 1038
1038 1039
1039 1040
1040 1041
1041 1042
1042 1043
1043 1044
1044 1045
1045 1046
1046 1047
1047 1048
1048 1049
1049 1050
1050 1051
1051 1052
1052 1053
1053 1054
1054 1055
1055 1056
1056 1057
1057 1058
1058 1059
1059 1060
1060 1061
1061 1062
1062 1063
1063 1064
1064 1065
1065 1066
1066 1067
1067 1068
1068 1069
1069 1070
1070 1071
1071 1072
1072 1073
1073 1074
1074 1075
1075 1076
1076 1077
1077 1078
1078 1079
1079 1080
1080 1081
1081 1082
1082 1083
1083 1084
1084 1085
1085 1086
1086 1087
1087 1088
1088 1089
1089 1090
1090 1091
1091 1092
1092 1093
1093 1094
1094 1095
1095 1096
1096 1097
1097 1098
1098 1099
1099 1100
1100 1101
1101 1102
1102 1103
1103 1104
1104 1105
1105 1106
1106 1107
1107 1108
1108 1109
1109 1110
1110 1111
1111 1112
1112 1113
1113 1114
1114 1115
1115 1116
1116 1117
1117 1118
1118 1119
1119 1120
1120 1121
1121 1122
1122 1123
1123 1124
1124 1125
1125 1126
1126 1127
1127 1128
1128 1129
1129 1130
1130 1131
1131 1132
1132 1133
1133 1134
1134 1135
1135 1136
1136 1137
1137 1138
1138 1139
1139 1140
1140 1141
1141 1142
1142 1143
1143 1144
1144 1145
1145 1146
1146 1147
1147 1148
1148 1149
1149 1150
1150 1151
1151 1152
1152 1153
1153 1154
1154 1155
1155 1156
1156 1157
1157 1158
1158 1159
1159 1160
1160 1161
1161 1162
1162 1163
1163 1164
1164 1165
1165 1166
1166 1167
1167 1168
1168 1169
1169 1170
1170 1171
1171 1172
1172 1173
1173 1174
1174 1175
1175 1176
1176 1177
1177 1178
1178 1179
1179 1180
1180 1181
1181 1182
1182 1183
1183 1184
1184 1185
1185 1186
1186 1187
1187 1188
1188 1189
1189 1190
1190 1191
1191 1192
1192 1193
1193 1194
1194 1195
1195 1196
1196 1197
1197 1198
1198 1199
1199 1200
1200 1201
1201 1202
1202 1203
1203 1204
1204 1205
1205 1206
1206 1207
1207 1208
1208 1209
1209 1210
1210 1211
1211 1212
1212 1213
1213 1214
1214 1215
1215 1216
1216 1217
1217 1218
1218 1219
1219 1220
1220 1221
1221 1222
1222 1223
1223 1224
1224 1225
1225 1226
1226 1227
1227 1228
1228 1229
1229 1230
1230 1231
1231 1232
1232 1233
1233 1234
1234 1235
1235 1236
1236 1237
1237 1238
1238 1239
1239 1240
1240 1241
1241 1242
1242 1243
1243 1244
1244 1245
1245 1246
1246 1247
1247 1248
1248 1249
1249 0
1250 1251
1251 1252
1252 1253
1253 1254
1254 1255
1255 1256
1256 1257
1257 1258
1258 1259
1259 1260
1260 1261
1261 1262
1262 1263
1263 1264
1264 1265
1265 1266
1266 1267
1267 1268
1268 1269
1269 1270
1270 1271
1271 1272
1272 1273
1273 1274
1274 1275
1275 1276
1276 1277
1277 1278
1278 1279
1279 1280
1280 1281
1281 1282
1282 1283
1283 1284
1284 1285
1285 1286
1286 1287
1287 1288
1288 1289
1289 1290
1290 1291
1291 1292
1292 1293
1293 1294
1294 1295
1295 1296
1296 1297
1297 1298
1298 1299
1299 1300
1300 1301
1301 1302
1302 1303
1303 1304
1304 1305
1305 1306
1306 1307
1307 1308
1308 1309
1309 1310
1310 1311
1311 1312
1312 1313
1313 1314
1314 1315
1315 1316
1316 1317
1317 1318
1318 1319
1319 1320
1320 1321
1321 1322
1322 1323
1323 1324
1324 1325
1325 1326
1326 1327
1327 1328
1328 1329
1329 1330
1330 1331
1331 1332
1332 1333
1333 1334
1334 1335
1335 1336
1336 1337
1337 1338
1338 1339
1339 1340
1340 1341
1341 1342
1342 1343
1343 1344
1344 1345
1345 1346
1346 1347
1347 1348
1348 1349
1349 1350
1350 1351
1351 1352
1352 1353
1353 1354
1354 1355
1355 1356
1356 1357
1357 1358
1358 1359
1359 1360
1360 1361
1361 1362
1362 1363
1363 1364
1364 1365
1365 1366
1366 1367
1367 1368
1368 1369
1369 1370
1370 1371
1371 1372
1372 1373
1373 1374
1374 1375
1375 1376
1376 1377
1377 1378
1378 1379
1379 1380
1380 1381
1381 1382
1382 1383
1383 1384
1384 1385
1385 1386
1386 1387
1387 1388
1388 1389
1389 1390
1390 1391
1391 1392
1392 1393
1393 1394
1394 1395
1395 1396
1396 1397
1397 1398
1398 1399
1399 1400
1400 1401
1401 1402
1402 1403
1403 1404
1404 1405
1405 1406
1406 1407
1407 1408
1408 1409
1409 1410
1410 1411
1411 1412
1412 1413
1413 1414
1414 1415
1415 1416
1416 1417
1417 1418
1418 1419
1419 1420
1420 1421
1421 1422
1422 1423
1423 1424
1424 1425
1425 1426
1426 1427
1427 1428
1428 1429
1429 1430
1430 1431
1431 1432
1432 1433
1433 1434
1434 1435
1435 1436
1436 1437
1437 1438
1438 1439
1439 1440
1440 1441
1441 1442
1442 1443
1443 1444
1444 1445
1445 1446
1446 1447
1447 1448
1448 1449
1449 1450
1450 1451
1451 1452
1452 1453
1453 1454
1454 1455
1455 1456
1456 1457
1457 1458
1458 1459
1459 1460
1460 1461
1461 1462
1462 1463
1463 1464
1464 1465
1465 1466
1466 1467
1467 1468
1468 1469
1469 1470
1470 1471
1471 1472
1472 1473
1473 1474
1474 1475
1475 1476
1476 1477
1477 1478
1478 1479
1479 1480
1480 1481
1481 1482
1482 1483
1483 1484
1484 1485
1485 1486
1486 1487
1487 1488
1488 1489
1489 1490
1490 1491
1491 1492
1492 1493
1493 1494
1494 1495
1495 1496
1496 1497
1497 1498
1498 1499
1499 1500
1500 1501
1501 1502
1502 1503
1503 1504
1504 1505
1505 1506
1506 1507
1507 1508
1508 1509
1509 1510
1510 1511
1511 1512
1512 1513
1513 1514
1514 1515
1515 1516
1516 1517
1517 1518
1518 1519
1519 1520
1520 1521
1521 1522
1522 1523
1523 1524
1524 1525
1525 1526
1526 1527
1527 1528
1528 1529
1529 1530
1530 1531
1531 1532
1532 1533
1533 1534
1534 1535
1535 1536
1536 1537
1537 1538
1538 1539
1539 1540
1540 1541
1541 1542
1542 1543
1543 1544
1544 1545
1545 1546
1546 1547
1547 1548
1548 1549
1549 1550
1550 1551
1551 1552
1552 1553
1553 1554
1554 1555
1555 1556
1556 1557
1557 1558
1558 1559
1559 1560
1560 1561
1561 1562
1562 1563
1563 1564
1564 1565
1565 1566
1566 1567
1567 1568
1568 1569
1569 1570
1570 1571
1571 1572
1572 1573
1573 1574
1574 1575
1575 1576
1576 1577
1577 1578
1578 1579
1579 1580
1580 1581
1581 1582
1582 1583
1583 1584
1584 1585
1585 1586
1586 1587
1587 1588
1588 1589
1589 1590
1590 1591
1591 1592
1592 1593
1593 1594
1594 1595
1595 1596
1596 1597
1597 1598
1598 1599
1599 1600
1600 1601
1601 1250
