0 : 1218, 1228, 1126, 
1 : 1228, 1229, 1126, 
2 : 1218, 1126, 1135, 
3 : 1229, 1230, 1126, 
4 : 1209, 1218, 1135, 
5 : 1230, 1231, 1126, 
6 : 1209, 1135, 1144, 
7 : 1231, 1232, 1126, 
8 : 1145, 1209, 1144, 
9 : 1232, 1233, 1126, 
10 : 1146, 1209, 1145, 
11 : 1233, 1234, 1126, 
12 : 1201, 1209, 1146, 
13 : 1234, 1235, 1126, 
14 : 1196, 1201, 1146, 
15 : 1235, 1116, 1126, 
16 : 1192, 1196, 1146, 
17 : 1235, 1236, 1116, 
18 : 1236, 1237, 1116, 
19 : 1237, 1238, 1116, 
20 : 1238, 1239, 1116, 
21 : 1239, 1240, 1116, 
22 : 1240, 1241, 1116, 
23 : 1241, 1242, 1116, 
24 : 1242, 1243, 1116, 
25 : 1243, 1244, 1116, 
26 : 1244, 1245, 1116, 
27 : 1245, 1246, 1116, 
28 : 1116, 1246, 1247, 1115, 
29 : 1115, 1247, 1248, 1114, 
30 : 1248, 1102, 1114, 
31 : 1248, 1249, 1102, 
32 : 1249, 1091, 1102, 
33 : 1249, 12, 1091, 
34 : 12, 13, 1091, 
35 : 13, 14, 1091, 
36 : 14, 15, 1091, 
37 : 15, 16, 1091, 
38 : 16, 17, 1091, 
39 : 17, 18, 1091, 
40 : 18, 19, 1091, 
41 : 19, 20, 1091, 
42 : 20, 21, 1091, 
43 : 21, 22, 1091, 
44 : 22, 23, 1091, 
45 : 1091, 23, 24, 1090, 
46 : 1090, 24, 25, 1089, 
47 : 1089, 25, 26, 1088, 
48 : 26, 1074, 1088, 
49 : 26, 27, 1074, 
50 : 27, 28, 1074, 
51 : 28, 42, 1074, 
52 : 42, 1064, 1074, 
53 : 42, 52, 1064, 
54 : 52, 1327, 1064, 
55 : 52, 1323, 1327, 
56 : 1064, 1327, 1063, 
57 : 52, 64, 1323, 
58 : 1063, 1327, 1062, 
59 : 64, 76, 1323, 
60 : 1062, 1327, 1061, 
61 : 76, 1320, 1323, 
62 : 1061, 1327, 1334, 
63 : 76, 202, 1320, 
64 : 1061, 1334, 1060, 
65 : 76, 77, 202, 
66 : 202, 205, 1320, 
67 : 1060, 1334, 1059, 
68 : 77, 78, 202, 
69 : 205, 1313, 1320, 
70 : 1059, 1334, 1058, 
71 : 78, 79, 202, 
72 : 205, 1311, 1313, 
73 : 1058, 1334, 1057, 
74 : 79, 80, 202, 
75 : 205, 1288, 1311, 
76 : 1057, 1334, 1056, 
77 : 80, 81, 202, 
78 : 205, 1281, 1288, 
79 : 1056, 1334, 1055, 
80 : 81, 82, 202, 
81 : 205, 1278, 1281, 
82 : 1055, 1334, 1054, 
83 : 82, 83, 202, 
84 : 205, 1275, 1278, 
85 : 1054, 1334, 1053, 
86 : 83, 84, 202, 
87 : 205, 1272, 1275, 
88 : 1053, 1334, 1052, 
89 : 84, 85, 202, 
90 : 205, 208, 1272, 
91 : 1052, 1334, 1051, 
92 : 85, 86, 202, 
93 : 208, 1267, 1272, 
94 : 1051, 1334, 1050, 
95 : 86, 87, 202, 
96 : 208, 209, 1267, 
97 : 1050, 1334, 1049, 
98 : 87, 88, 202, 
99 : 209, 1265, 1267, 
100 : 1049, 1334, 1048, 
101 : 88, 89, 202, 
102 : 209, 210, 1265, 
103 : 1048, 1334, 1047, 
104 : 89, 90, 202, 
105 : 210, 1263, 1265, 
106 : 1047, 1334, 1046, 
107 : 90, 91, 201, 202, 
108 : 210, 211, 1263, 
109 : 1046, 1334, 1045, 
110 : 91, 92, 200, 201, 
111 : 211, 212, 1263, 
112 : 1045, 1334, 1044, 
113 : 92, 93, 199, 200, 
114 : 212, 1261, 1263, 
115 : 1044, 1334, 1043, 
116 : 93, 94, 198, 199, 
117 : 212, 213, 1261, 
118 : 1043, 1334, 1042, 
119 : 94, 95, 197, 198, 
120 : 213, 214, 1261, 
121 : 1042, 1334, 1335, 1041, 
122 : 95, 96, 196, 197, 
123 : 214, 1256, 1261, 
124 : 1041, 1335, 1336, 1040, 
125 : 96, 97, 195, 196, 
126 : 214, 220, 1256, 
127 : 1040, 1336, 1337, 1039, 
128 : 97, 98, 194, 195, 
129 : 220, 221, 1256, 
130 : 1039, 1337, 1338, 1038, 
131 : 98, 99, 193, 194, 
132 : 221, 1253, 1256, 
133 : 1038, 1338, 1023, 
134 : 99, 100, 192, 193, 
135 : 221, 1250, 1253, 
136 : 1338, 1339, 1023, 
137 : 100, 101, 192, 
138 : 221, 227, 1250, 
139 : 1339, 1340, 1023, 
140 : 101, 102, 192, 
141 : 227, 228, 1250, 
142 : 1340, 1341, 1023, 
143 : 102, 112, 192, 
144 : 228, 229, 1250, 
145 : 1341, 1342, 1023, 
146 : 112, 125, 192, 
147 : 229, 230, 1250, 
148 : 1342, 1015, 1023, 
149 : 125, 129, 192, 
150 : 230, 231, 1250, 
151 : 1342, 1343, 1015, 
152 : 129, 183, 192, 
153 : 231, 232, 1601, 1250, 
154 : 1343, 1344, 1015, 
155 : 129, 182, 183, 
156 : 232, 233, 1600, 1601, 
157 : 1344, 1345, 1015, 
158 : 129, 181, 182, 
159 : 233, 234, 1599, 1600, 
160 : 1345, 1346, 1015, 
161 : 129, 136, 181, 
162 : 234, 235, 1598, 1599, 
163 : 1346, 1347, 1015, 
164 : 136, 180, 181, 
165 : 235, 236, 1597, 1598, 
166 : 1347, 1348, 1015, 
167 : 136, 179, 180, 
168 : 236, 237, 1596, 1597, 
169 : 1348, 1349, 1015, 
170 : 237, 238, 1595, 1596, 
171 : 1349, 1350, 1015, 
172 : 238, 239, 1594, 1595, 
173 : 1350, 1351, 1015, 
174 : 239, 240, 1593, 1594, 
175 : 1351, 1352, 1015, 
176 : 240, 241, 1592, 1593, 
177 : 1352, 1353, 1015, 
178 : 241, 242, 1591, 1592, 
179 : 1353, 1354, 1015, 
180 : 242, 243, 248, 1591, 
181 : 1354, 1355, 1015, 
182 : 248, 253, 1591, 
183 : 1355, 1356, 1015, 
184 : 253, 1588, 1591, 
185 : 1356, 1003, 1015, 
186 : 253, 257, 1588, 
187 : 1356, 1357, 1003, 
188 : 257, 1585, 1588, 
189 : 1357, 1358, 1003, 
190 : 257, 260, 1585, 
191 : 1358, 1359, 1003, 
192 : 260, 1582, 1585, 
193 : 1359, 1360, 1003, 
194 : 260, 263, 1582, 
195 : 1360, 1361, 1003, 
196 : 263, 268, 1582, 
197 : 1361, 1362, 1003, 
198 : 268, 1580, 1582, 
199 : 1362, 1363, 1003, 
200 : 268, 273, 1575, 1580, 
201 : 1363, 1364, 1003, 
202 : 273, 275, 1575, 
203 : 1364, 1365, 1003, 
204 : 275, 277, 1575, 
205 : 1365, 1366, 1003, 
206 : 277, 1573, 1575, 
207 : 1366, 1367, 1003, 
208 : 277, 287, 1571, 1573, 
209 : 1367, 1368, 1003, 
210 : 287, 289, 1571, 
211 : 1368, 1369, 1003, 
212 : 289, 294, 1566, 1571, 
213 : 1369, 1370, 1003, 
214 : 294, 1564, 1566, 
215 : 1003, 1370, 1371, 1002, 
216 : 294, 299, 1564, 
217 : 1002, 1371, 1372, 1001, 
218 : 299, 1559, 1564, 
219 : 1001, 1372, 1000, 
220 : 299, 304, 1559, 
221 : 1000, 1372, 999, 
222 : 304, 307, 1559, 
223 : 999, 1372, 998, 
224 : 307, 1556, 1559, 
225 : 998, 1372, 997, 
226 : 307, 310, 1556, 
227 : 997, 1372, 996, 
228 : 310, 1553, 1556, 
229 : 996, 1372, 995, 
230 : 310, 1550, 1553, 
231 : 995, 1372, 994, 
232 : 310, 315, 1550, 
233 : 994, 1372, 993, 
234 : 315, 1547, 1550, 
235 : 993, 1372, 992, 
236 : 315, 318, 1547, 
237 : 992, 1372, 991, 
238 : 318, 1544, 1547, 
239 : 991, 1372, 990, 
240 : 318, 1541, 1544, 
241 : 990, 1372, 989, 
242 : 318, 323, 1541, 
243 : 989, 1372, 974, 
244 : 323, 326, 1541, 
245 : 1372, 960, 974, 
246 : 326, 1537, 1541, 
247 : 1372, 582, 960, 
248 : 326, 329, 1537, 
249 : 1372, 580, 582, 
250 : 960, 582, 959, 
251 : 329, 1534, 1537, 
252 : 1372, 1374, 580, 
253 : 959, 582, 958, 
254 : 329, 333, 1534, 
255 : 1374, 1390, 580, 
256 : 958, 582, 957, 
257 : 333, 1531, 1534, 
258 : 1390, 559, 580, 
259 : 957, 582, 936, 
260 : 333, 336, 1528, 1531, 
261 : 1390, 557, 559, 
262 : 582, 755, 936, 
263 : 336, 340, 1528, 
264 : 1390, 555, 557, 
265 : 582, 754, 755, 
266 : 755, 756, 936, 
267 : 340, 1525, 1528, 
268 : 1390, 553, 555, 
269 : 582, 753, 754, 
270 : 756, 757, 936, 
271 : 340, 344, 1525, 
272 : 1390, 551, 553, 
273 : 582, 752, 753, 
274 : 757, 923, 936, 
275 : 344, 1521, 1525, 
276 : 1390, 549, 551, 
277 : 582, 751, 752, 
278 : 757, 758, 923, 
279 : 344, 348, 1521, 
280 : 1390, 547, 549, 
281 : 582, 750, 751, 
282 : 758, 759, 923, 
283 : 348, 1518, 1521, 
284 : 1390, 545, 547, 
285 : 582, 749, 750, 
286 : 759, 760, 923, 
287 : 348, 352, 1518, 
288 : 1390, 543, 545, 
289 : 582, 735, 749, 
290 : 760, 761, 923, 
291 : 352, 1514, 1518, 
292 : 1390, 541, 543, 
293 : 582, 727, 735, 
294 : 761, 791, 923, 
295 : 352, 355, 1514, 
296 : 1390, 539, 541, 
297 : 582, 583, 727, 
298 : 923, 791, 922, 
299 : 355, 1510, 1514, 
300 : 1390, 537, 539, 
301 : 583, 584, 727, 
302 : 922, 791, 921, 
303 : 355, 359, 1510, 
304 : 1390, 1391, 537, 
305 : 584, 585, 727, 
306 : 921, 791, 920, 
307 : 359, 363, 1510, 
308 : 1391, 530, 537, 
309 : 585, 586, 727, 
310 : 920, 791, 919, 
311 : 363, 1505, 1510, 
312 : 1391, 528, 530, 
313 : 586, 715, 727, 
314 : 919, 791, 918, 
315 : 363, 369, 1505, 
316 : 1391, 1392, 528, 
317 : 586, 587, 715, 
318 : 918, 791, 917, 
319 : 369, 370, 1505, 
320 : 1392, 1393, 528, 
321 : 587, 588, 715, 
322 : 917, 791, 916, 
323 : 370, 371, 1505, 
324 : 1393, 1394, 528, 
325 : 588, 589, 715, 
326 : 916, 791, 915, 
327 : 1505, 371, 372, 1504, 
328 : 1394, 1395, 528, 
329 : 589, 710, 715, 
330 : 915, 791, 914, 
331 : 1504, 372, 1503, 
332 : 1395, 1396, 528, 
333 : 589, 590, 710, 
334 : 914, 791, 913, 
335 : 1503, 372, 1497, 
336 : 1396, 1397, 528, 
337 : 590, 591, 710, 
338 : 913, 791, 912, 
339 : 372, 378, 1497, 
340 : 1397, 521, 528, 
341 : 591, 592, 710, 
342 : 912, 791, 911, 
343 : 378, 379, 1497, 
344 : 1397, 1398, 521, 
345 : 592, 593, 710, 
346 : 911, 791, 910, 
347 : 1497, 379, 1496, 
348 : 1398, 1399, 521, 
349 : 593, 701, 710, 
350 : 910, 791, 802, 
351 : 1496, 379, 1495, 
352 : 1399, 1400, 521, 
353 : 593, 594, 701, 
354 : 910, 802, 909, 
355 : 1495, 379, 1494, 
356 : 1400, 1401, 521, 
357 : 594, 595, 701, 
358 : 909, 802, 908, 
359 : 1494, 379, 1493, 
360 : 1401, 1402, 521, 
361 : 595, 697, 701, 
362 : 908, 802, 907, 
363 : 1493, 379, 1492, 
364 : 1402, 516, 521, 
365 : 595, 596, 697, 
366 : 907, 802, 906, 
367 : 379, 385, 1492, 
368 : 1402, 1403, 516, 
369 : 596, 597, 697, 
370 : 906, 802, 905, 
371 : 1492, 385, 386, 1491, 
372 : 1403, 1404, 516, 
373 : 597, 678, 697, 
374 : 905, 802, 904, 
375 : 1491, 386, 387, 1490, 
376 : 1404, 1405, 516, 
377 : 597, 598, 678, 
378 : 904, 802, 903, 
379 : 1490, 387, 388, 1489, 
380 : 1405, 1406, 516, 
381 : 598, 599, 678, 
382 : 903, 802, 902, 
383 : 1489, 388, 389, 
384 : 1406, 513, 516, 
385 : 599, 600, 678, 
386 : 902, 802, 901, 
387 : 1489, 389, 390, 
388 : 1406, 510, 513, 
389 : 600, 601, 678, 
390 : 901, 802, 812, 
391 : 1489, 390, 391, 
392 : 1406, 1412, 510, 
393 : 601, 670, 678, 
394 : 901, 812, 900, 
395 : 1489, 391, 392, 
396 : 1412, 1413, 510, 
397 : 601, 602, 670, 
398 : 900, 812, 899, 
399 : 1489, 392, 393, 
400 : 1413, 506, 510, 
401 : 602, 613, 670, 
402 : 899, 812, 898, 
403 : 1489, 393, 1483, 
404 : 1413, 1419, 506, 
405 : 613, 660, 670, 
406 : 898, 812, 897, 
407 : 1483, 393, 394, 
408 : 1419, 501, 506, 
409 : 613, 620, 660, 
410 : 897, 812, 896, 
411 : 1483, 394, 395, 
412 : 1419, 1425, 501, 
413 : 896, 812, 895, 
414 : 1483, 395, 396, 
415 : 1425, 1426, 501, 
416 : 895, 812, 894, 
417 : 1483, 396, 397, 
418 : 1426, 496, 501, 
419 : 894, 812, 893, 
420 : 1483, 397, 398, 
421 : 1426, 490, 496, 
422 : 893, 812, 868, 892, 
423 : 1479, 1483, 398, 
424 : 1426, 1432, 490, 
425 : 812, 858, 868, 
426 : 1479, 398, 399, 
427 : 1432, 484, 490, 
428 : 812, 813, 858, 
429 : 1479, 399, 400, 
430 : 1432, 1437, 484, 
431 : 813, 814, 823, 858, 
432 : 1479, 400, 401, 
433 : 1437, 1442, 484, 
434 : 823, 849, 858, 
435 : 1479, 401, 402, 
436 : 1442, 478, 484, 
437 : 1479, 402, 403, 
438 : 1442, 473, 478, 
439 : 1476, 1479, 403, 
440 : 1442, 1445, 473, 
441 : 1476, 403, 404, 
442 : 1445, 1449, 469, 473, 
443 : 1476, 404, 405, 
444 : 1449, 465, 469, 
445 : 1476, 405, 406, 
446 : 1449, 1452, 465, 
447 : 1476, 406, 412, 
448 : 1452, 461, 465, 
449 : 1471, 1476, 412, 
450 : 1452, 1455, 458, 461, 
451 : 1471, 412, 416, 
452 : 1455, 455, 458, 
453 : 1471, 416, 419, 
454 : 1455, 452, 455, 
455 : 1471, 419, 422, 
456 : 1455, 1460, 452, 
457 : 1471, 422, 427, 
458 : 1460, 447, 452, 
459 : 1469, 1471, 427, 
460 : 1460, 1465, 447, 
461 : 1467, 1469, 427, 
462 : 1465, 444, 447, 
463 : 1467, 427, 439, 
464 : 1465, 439, 444, 
465 : 1465, 1467, 439, 
