101.443 83.9906 45.4819
101.5 84.0385 45.0412
98.2281 81.784 42.7338
102.5 84.9038 45.9066
92.5682 77.0455 37.5366
103.5 85.7885 46.7911
89.1842 74.7895 34.6706
104.5 86.6923 47.6949
88.8448 74.5 33.8485
105.5 87.6154 48.618
87.7069 73.5 32.7107
106.5 88.5577 49.5602
84.6795 70.7564 30.2478
107.5 89.5192 50.5217
81.5 68.5 27.3546
107.889 89.9012 51.3915
79.4167 67.25 25.995
108.5 90.4016 51.4041
109.5 91.2377 52.2401
110.5 92.0902 53.0925
111.5 92.959 53.9613
112.5 93.8443 54.8465
113.5 94.7459 55.7481
114.5 95.6639 56.6661
115.5 96.5984 57.6005
116.5 97.5492 58.5513
117.5 98.5164 59.5185
118.5 99.5 60.5021
119.5 100.5 61.502
120.5 101.5 62.502
120.833 101.833 63.3257
121.5 102.392 63.3939
131.389 110.811 72.9153
134.199 112.885 75.3785
134.5 113.147 75.1487
135.5 114.029 76.0311
136.5 114.924 76.9252
137.5 115.829 77.831
138.5 116.747 78.7486
139.5 117.676 79.678
140.5 118.618 80.6192
141.5 119.571 81.5721
142.5 120.535 82.5368
143.5 121.512 83.5133
144.5 122.5 84.5015
145.5 123.5 85.5015
146.5 124.5 86.5014
147.5 125.5 87.5014
147.786 125.786 88.2803
148.5 126.401 88.4024
149.5 127.272 89.2737
149.66 127.414 89.9088
155.222 133.086 94.9012
156.926 134.665 96.3519
160.008 137.805 98.5372
167.125 133.042 93.6411
159.122 148.5 97.123
169.219 131.587 92.124
159.044 149.5 97.0453
180.96 124.445 83.9643
158.972 150.5 96.9728
183.13 123.315 82.4829
158.933 151.072 97.4235
187.465 120.98 79.2504
158.891 151.5 96.8919
194.5 112.155 70.1563
212.662 123.419 57.2931
158.797 152.5 96.7982
195.5 110.918 68.92
213.921 123.566 56.3553
158.708 153.5 96.7096
196.5 109.7 67.7018
230.769 124.769 42.4022
158.625 154.5 96.6263
197.5 108.5 66.5019
230.933 124.778 42.573
158.547 155.5 96.5482
198.5 107.318 65.3201
236.982 123.893 37.2449
158.474 156.5 96.4753
199.5 106.155 64.1565
247.577 121.538 28.3272
158.406 157.5 96.4075
200.5 105.009 63.0111
250.846 120.673 25.7916
158.344 158.5 96.345
201.5 103.882 61.8838
253.923 119.712 23.4712
158.286 159.5 96.2878
202.5 102.773 60.7748
255.112 119.276 22.5759
158.234 160.5 96.2357
203.5 101.682 59.6839
260.947 117.465 18.6911
158.187 161.5 96.1888
204.5 100.609 58.6112
266.5 115.115 15.1237
158.146 162.5 96.1471
205.5 99.5545 57.5567
266.944 114.944 15.2897
158.109 163.5 96.1107
206.5 98.5182 56.5204
267.5 114.7 14.7085
158.078 164.5 96.0794
207.5 97.5 55.5023
268.357 114.357 14.7064
158.052 165.5 96.0534
208.5 96.5 54.5023
268.5 114.292 14.3004
158.031 166.5 96.0326
209.5 95.5 53.5023
269.5 113.875 13.884
158.016 167.5 96.0169
210.5 94.5 52.5024
269.773 113.773 14.1191
158.005 168.5 96.0065
211.5 93.5 51.5024
270.5 113.457 13.4658
158 169.5 96.0013
212.5 92.5 50.5025
271.5 113.065 13.0748
158 170.5 96.0013
213.5 91.5 49.5025
274.782 111.924 12.7322
158 171.5 96.0013
214.5 90.5 48.5026
276.776 110.879 12.3424
158 172.5 96.0013
215.5 89.5 47.5026
277.5 110.682 11.6925
158 173.5 96.0013
216.5 88.5 46.5027
278.929 110.357 11.824
158 174.179 96.495
217.5 87.5 45.5027
281.071 109.643 11.5056
158.024 174.5 95.9777
218.5 86.5 44.5028
282.592 108.959 11.4241
158.092 175.5 95.9097
219.5 85.5222 43.5251
283.5 108.786 10.7973
158.154 176.5 95.8469
219.746 85.2873 43.7767
284.5 108.643 10.6546
158.212 177.5 95.7893
222.373 83.2574 41.3511
285.5 108.548 10.5595
158.236 177.966 96.2557
229.672 78.9848 34.746
286.5 108.5 10.5119
158.284 178.5 95.7171
230 78.8125 34.4862
287.5 108.5 10.5119
158.368 179.5 95.6329
230.455 78.5 33.5492
288.5 108.5 10.5119
158.447 180.5 95.5539
231.864 77.5 32.1403
289.5 108.5 10.5119
158.521 181.5 95.4803
233.047 76.6321 31.4535
290.5 108.5 10.5119
158.589 182.5 95.4118
233.265 76.5 30.7394
291.5 108.5 10.5119
158.653 183.5 95.3487
234.853 75.5 30.0945
292.5 108.5 10.5119
158.711 184.5 95.2908
293.5 108.5 10.5119
158.763 185.5 95.2382
294.5 108.5 10.5119
158.811 186.5 95.1908
295.5 108.5 10.5119
158.853 187.5 95.1487
296.5 108.5 10.5119
158.889 188.5 95.1118
297.5 108.5 10.5119
158.921 189.5 95.0803
298.5 108.5 10.9678
158.947 190.5 95.0539
302.5 109.5 10.9678
158.968 191.5 95.0329
303.713 110.074 11.0247
158.975 191.911 95.5197
305.142 110.575 11.1869
159.019 192.5 94.9828
305.792 110.917 11.2005
159.087 193.5 94.914
306.208 111.083 11.2005
159.151 194.5 94.8505
307.792 111.917 11.2005
159.209 195.5 94.7923
308.208 112.083 11.2005
159.262 196.5 94.7394
309.617 112.825 11.2371
159.31 197.5 94.6918
312.2 114.8 11.2545
159.352 198.5 94.6495
312.5 115 11.4464
159.389 199.5 94.6124
312.8 115.2 11.2545
159.421 200.5 94.5807
313.933 116.067 11.0661
159.447 201.5 94.5542
316.067 117.933 11.0661
159.468 202.5 94.5331
317.2 118.8 11.4202
159.484 203.5 94.5172
319.8 122.2 11.2545
159.495 204.5 94.5066
320 122.5 11.4464
159.5 205.5 94.5013
320.2 122.8 11.2545
159.5 206.5 94.5013
322.175 125.383 11.2371
159.5 207.5 94.5013
322.825 126.617 11.2371
159.5 208.5 94.5013
324.175 128.383 11.2371
159.505 209.5 94.5066
324.917 129.792 11.2005
159.516 210.5 94.5172
325.083 130.208 11.2005
159.532 211.5 94.5331
325.917 131.792 11.2005
159.553 212.5 94.5542
326.083 132.208 11.2005
159.579 213.5 94.5807
327.125 134.188 11.2469
159.611 214.5 94.6124
328 135.5 11.4464
159.648 215.5 94.6495
328.276 136.112 11.4146
159.69 216.5 94.6918
328.724 136.888 11.4146
159.738 217.5 94.7394
329.276 138.112 11.4146
159.791 218.5 94.7923
330.398 140.051 11.551
159.849 219.5 94.8505
330.812 140.625 11.6702
159.897 220.257 95.3924
331.5 142 11.6647
161.684 233.178 96.1826
332.232 143.923 11.8748
162.815 238.601 96.1826
332.324 144.088 11.8614
215.909 240.909 50.6892
161.364 247.5 94.3655
332.676 144.912 11.8614
221.914 241.086 46.4394
161.207 248.5 94.2078
332.768 145.077 11.8748
230.529 241.471 41.2772
161.054 249.5 94.0557
333.5 147 11.6647
230.682 241.5 41.1874
159.587 259.5 93.5705
334.5 149 11.6647
239.5 241.5 34.2984
159.321 265.618 92.3829
335 150 11.6317
241.459 241.459 32.942
159.5 265.821 92.1804
158.5 266.466 91.5351
335.357 151.071 11.5056
243.378 241.378 31.6434
160.5 266.944 91.0569
157.5 267.489 90.5126
336.196 152.935 11.4271
245.255 241.255 30.4025
161.5 268.056 89.9458
157.488 267.501 90.9948
336.804 155.065 11.4271
247.092 241.092 29.2194
162.5 269.154 88.8471
156.5 268.643 89.3585
337.196 155.935 11.4271
248.888 240.888 28.094
163.5 270.241 87.7607
155.5 269.786 88.2157
337.25 156.125 11.3862
250.643 240.643 27.0263
164.5 271.315 86.6866
154.5 270.916 87.0859
338.353 158.882 11.2626
252.357 240.357 26.0163
164.903 271.743 86.7513
153.5 272.032 85.969
338.647 160.118 11.2626
254.031 240.031 25.0641
170.065 276.453 81.4287
152.799 272.806 85.9201
339.75 162.875 11.3862
255.663 239.663 24.1695
171.318 277.5 79.6834
142.042 281.5 74.0441
339.804 163.065 11.4271
257.255 239.255 23.3327
172.5 278.5 78.5016
140.822 282.5 72.8238
340.196 163.935 11.4271
263.5 237.447 20.4535
173.667 279.5 77.3349
139.619 283.5 71.6204
341.065 166.978 11.5635
263.885 237.346 20.8789
174.818 280.5 76.1835
138.432 284.5 70.434
341.115 167.346 11.5925
264.214 237.214 20.5628
175.16 280.801 76.3446
137.263 285.5 69.2645
341.875 169.625 11.5897
264.5 237.088 20.0945
176.071 281.5 74.9302
136.11 286.5 68.112
341.955 170.5 11.0568
265.5 236.676 19.6828
177.357 282.5 73.6446
134.975 287.5 66.9764
342 171.5 11.0114
266.5 236.294 19.3006
178.625 283.5 72.3767
133.856 288.5 65.8578
342 172.5 11.0114
267.5 235.941 18.9478
179.719 284.375 71.7639
132.754 289.5 64.7562
342 173.5 11.0114
268.5 235.618 18.6244
179.885 284.5 71.1171
131.669 290.5 63.6715
342.041 174.392 11.5056
269.5 235.324 18.3303
181.192 285.5 69.8095
130.602 291.5 62.6037
342.959 177.608 11.5056
270.224 235.132 18.6573
182.481 286.5 68.5211
129.551 292.5 61.5529
343 178.5 11.0114
270.5 235.016 18.0231
183.75 287.5 67.2519
128.517 293.5 60.519
343 179.5 11.0114
271.5 234.629 17.6361
184.167 287.833 67.3335
127.944 294.064 60.4354
343.045 180.5 11.0568
272.5 234.274 17.2814
185.1 288.5 65.9019
127.418 294.5 59.4205
343.136 181.5 11.1476
273.5 233.952 16.959
186.478 289.5 64.5242
126.235 295.5 58.2368
343.273 182.5 11.2838
274.5 233.661 16.6688
187.391 290.174 64.0796
125.071 296.5 57.0736
343.455 183.5 11.4655
275.445 233.417 16.9288
187.857 290.5 63.1448
123.929 297.5 55.9308
343.5 183.7 11.9636
275.5 233.397 16.4042
189.262 291.5 61.7401
122.806 298.5 54.8084
343.5 184.5 11.5109
276.5 233.052 16.0595
190.197 292.177 61.4084
121.704 299.5 53.7064
343.5 185.5 11.5109
277.5 232.741 15.7493
190.776 292.5 60.2262
120.622 300.5 52.6248
343.5 186.5 11.5109
278.5 232.466 15.4736
192.534 293.5 58.4677
119.561 301.5 51.5636
343.5 187.5 11.5109
280.269 232.038 15.5255
194.259 294.5 56.7436
118.52 302.5 50.5229
343.457 188.5 11.5543
282.423 231.346 15.1821
195.948 295.5 55.054
117.999 303.011 50.4889
343.37 189.5 11.6412
284.315 230.575 15.0465
196.5 295.833 55.0662
117.4 303.5 49.4025
343.239 190.5 11.7715
284.5 230.536 14.5443
197.75 296.5 53.2523
116.2 304.5 48.2026
343.065 191.5 11.9453
287.028 230.084 14.6863
198.255 296.776 53.2361
115.025 305.5 47.0277
343 191.8 12.463
290.227 229.136 14.605
204.804 301.205 46.1887
113.875 306.5 45.8777
343 192.5 12.0104
291.622 228.987 14.5452
208.167 303.111 42.9578
112.75 307.5 44.7528
342.958 193.5 12.052
295.211 228.056 14.5246
111.65 308.5 43.6529
342.875 194.5 12.1353
295.5 228.036 14.0446
110.575 309.5 42.5779
342.75 195.5 12.2602
295.633 228.031 14.5002
109.525 310.5 41.528
342.583 196.5 12.4267
300.814 227.071 14.3962
108.5 311.5 41.1949
342.383 197.461 13.0796
301.186 226.929 14.3962
108.333 311.778 40.8365
342.38 197.5 12.6299
305.814 226.071 14.3962
107.5 313.5 38.5032
342.26 198.5 12.7498
306.342 225.868 14.3975
106.5 315.5 36.99
342.1 199.5 12.9097
310.368 224.974 14.505
103.643 319.786 32.6989
341.9 200.5 13.1095
310.789 224.944 14.5246
341.66 201.5 13.3494
314.613 223.952 14.5807
341.518 202.009 13.9143
316.357 223.214 14.6916
341.423 202.5 13.5861
317 223 14.7747
341.192 203.5 13.8167
320 222 14.7747
340.923 204.5 14.0858
321.422 221.344 14.8361
340.841 204.768 14.6282
322.929 220.786 14.9995
339.955 206.47 14.98
323.5 220.5 15.0104
339.786 206.929 14.9995
325.5 219.5 15.0104
339.5 207.5 15.0104
327.423 218.346 15.1821
338.346 209.423 15.1821
327.632 218.198 15.2705
337.717 210.311 15.3722
328.368 217.802 15.2705
337.048 211.048 15.2785
330.632 216.198 15.2705
336.143 212.143 15.4131
332.379 215.258 15.2809
335.714 212.714 15.6807
333.285 214.678 15.4194
335.143 213.143 15.4131
